2400
 
O  0 0 0  0 0 1
O  1.3 0 0  0 0 1
O  2.6 0 0  0 0 1
O  3.9 0 0  0 0 1
O  5.2 0 0  0 0 1
O  6.5 0 0  0 0 1
O  7.8 0 0  0 0 1
O  9.1 0 0  0 0 1
O  10.4 0 0  0 0 1
O  11.7 0 0  0 0 1
O  13 0 0  0 0 1
O  14.3 0 0  0 0 1
O  15.6 0 0  0 0 1
O  16.9 0 0  0 0 1
O  18.2 0 0  0 0 1
O  19.5 0 0  0 0 1
O  20.8 0 0  0 0 1
O  22.1 0 0  0 0 1
O  23.4 0 0  0 0 1
O  24.7 0 0  0 0 1
O  26 0 0  0 0 1
O  27.3 0 0  0 0 1
O  28.6 0 0  0 0 1
O  29.9 0 0  0 0 1
O  31.2 0 0  0 0 1
O  32.5 0 0  0 0 1
O  33.8 0 0  0 0 1
O  35.1 0 0  0 0 1
O  36.4 0 0  0 0 1
O  37.7 0 0  0 0 1
O  0.65 1.12583 0  0 0 1
O  1.95 1.12583 0  0 0 1
O  3.25 1.12583 0  0 0 1
O  4.55 1.12583 0  0 0 1
O  5.85 1.12583 0  0 0 1
O  7.15 1.12583 0  0 0 1
O  8.45 1.12583 0  0 0 1
O  9.75 1.12583 0  0 0 1
O  11.05 1.12583 0  0 0 1
O  12.35 1.12583 0  0 0 1
O  13.65 1.12583 0  0 0 1
O  14.95 1.12583 0  0 0 1
O  16.25 1.12583 0  0 0 1
O  17.55 1.12583 0  0 0 1
O  18.85 1.12583 0  0 0 1
O  20.15 1.12583 0  0 0 1
O  21.45 1.12583 0  0 0 1
O  22.75 1.12583 0  0 0 1
O  24.05 1.12583 0  0 0 1
O  25.35 1.12583 0  0 0 1
O  26.65 1.12583 0  0 0 1
O  27.95 1.12583 0  0 0 1
O  29.25 1.12583 0  0 0 1
O  30.55 1.12583 0  0 0 1
O  31.85 1.12583 0  0 0 1
O  33.15 1.12583 0  0 0 1
O  34.45 1.12583 0  0 0 1
O  35.75 1.12583 0  0 0 1
O  37.05 1.12583 0  0 0 1
O  38.35 1.12583 0  0 0 1
O  0 2.25167 0  0 0 1
O  1.3 2.25167 0  0 0 1
O  2.6 2.25167 0  0 0 1
O  3.9 2.25167 0  0 0 1
O  5.2 2.25167 0  0 0 1
O  6.5 2.25167 0  0 0 1
O  7.8 2.25167 0  0 0 1
O  9.1 2.25167 0  0 0 1
O  10.4 2.25167 0  0 0 1
O  11.7 2.25167 0  0 0 1
O  13 2.25167 0  0 0 1
O  14.3 2.25167 0  0 0 1
O  15.6 2.25167 0  0 0 1
O  16.9 2.25167 0  0 0 1
O  18.2 2.25167 0  0 0 1
O  19.5 2.25167 0  0 0 1
O  20.8 2.25167 0  0 0 1
O  22.1 2.25167 0  0 0 1
O  23.4 2.25167 0  0 0 1
O  24.7 2.25167 0  0 0 1
O  26 2.25167 0  0 0 1
O  27.3 2.25167 0  0 0 1
O  28.6 2.25167 0  0 0 1
O  29.9 2.25167 0  0 0 1
O  31.2 2.25167 0  0 0 1
O  32.5 2.25167 0  0 0 1
O  33.8 2.25167 0  0 0 1
O  35.1 2.25167 0  0 0 1
O  36.4 2.25167 0  0 0 1
O  37.7 2.25167 0  0 0 1
O  0.65 3.3775 0  0 0 1
O  1.95 3.3775 0  0 0 1
O  3.25 3.3775 0  0 0 1
O  4.55 3.3775 0  0 0 1
O  5.85 3.3775 0  0 0 1
O  7.15 3.3775 0  0 0 1
O  8.45 3.3775 0  0 0 1
O  9.75 3.3775 0  0 0 1
O  11.05 3.3775 0  0 0 1
O  12.35 3.3775 0  0 0 1
O  13.65 3.3775 0  0 0 1
O  14.95 3.3775 0  0 0 1
O  16.25 3.3775 0  0 0 1
O  17.55 3.3775 0  0 0 1
O  18.85 3.3775 0  0 0 1
O  20.15 3.3775 0  0 0 1
O  21.45 3.3775 0  0 0 1
O  22.75 3.3775 0  0 0 1
O  24.05 3.3775 0  0 0 1
O  25.35 3.3775 0  0 0 1
O  26.65 3.3775 0  0 0 1
O  27.95 3.3775 0  0 0 1
O  29.25 3.3775 0  0 0 1
O  30.55 3.3775 0  0 0 1
O  31.85 3.3775 0  0 0 1
O  33.15 3.3775 0  0 0 1
O  34.45 3.3775 0  0 0 1
O  35.75 3.3775 0  0 0 1
O  37.05 3.3775 0  0 0 1
O  38.35 3.3775 0  0 0 1
O  0 4.50333 0  0 0 1
O  1.3 4.50333 0  0 0 1
O  2.6 4.50333 0  0 0 1
O  3.9 4.50333 0  0 0 1
O  5.2 4.50333 0  0 0 1
O  6.5 4.50333 0  0 0 1
O  7.8 4.50333 0  0 0 1
O  9.1 4.50333 0  0 0 1
O  10.4 4.50333 0  0 0 1
O  11.7 4.50333 0  0 0 1
O  13 4.50333 0  0 0 1
O  14.3 4.50333 0  0 0 1
O  15.6 4.50333 0  0 0 1
O  16.9 4.50333 0  0 0 1
O  18.2 4.50333 0  0 0 1
O  19.5 4.50333 0  0 0 1
O  20.8 4.50333 0  0 0 1
O  22.1 4.50333 0  0 0 1
O  23.4 4.50333 0  0 0 1
O  24.7 4.50333 0  0 0 1
O  26 4.50333 0  0 0 1
O  27.3 4.50333 0  0 0 1
O  28.6 4.50333 0  0 0 1
O  29.9 4.50333 0  0 0 1
O  31.2 4.50333 0  0 0 1
O  32.5 4.50333 0  0 0 1
O  33.8 4.50333 0  0 0 1
O  35.1 4.50333 0  0 0 1
O  36.4 4.50333 0  0 0 1
O  37.7 4.50333 0  0 0 1
O  0.65 5.62917 0  0 0 1
O  1.95 5.62917 0  0 0 1
O  3.25 5.62917 0  0 0 1
O  4.55 5.62917 0  0 0 1
O  5.85 5.62917 0  0 0 1
O  7.15 5.62917 0  0 0 1
O  8.45 5.62917 0  0 0 1
O  9.75 5.62917 0  0 0 1
O  11.05 5.62917 0  0 0 1
O  12.35 5.62917 0  0 0 1
O  13.65 5.62917 0  0 0 1
O  14.95 5.62917 0  0 0 1
O  16.25 5.62917 0  0 0 1
O  17.55 5.62917 0  0 0 1
O  18.85 5.62917 0  0 0 1
O  20.15 5.62917 0  0 0 1
O  21.45 5.62917 0  0 0 1
O  22.75 5.62917 0  0 0 1
O  24.05 5.62917 0  0 0 1
O  25.35 5.62917 0  0 0 1
O  26.65 5.62917 0  0 0 1
O  27.95 5.62917 0  0 0 1
O  29.25 5.62917 0  0 0 1
O  30.55 5.62917 0  0 0 1
O  31.85 5.62917 0  0 0 1
O  33.15 5.62917 0  0 0 1
O  34.45 5.62917 0  0 0 1
O  35.75 5.62917 0  0 0 1
O  37.05 5.62917 0  0 0 1
O  38.35 5.62917 0  0 0 1
O  0 6.755 0  0 0 1
O  1.3 6.755 0  0 0 1
O  2.6 6.755 0  0 0 1
O  3.9 6.755 0  0 0 1
O  5.2 6.755 0  0 0 1
O  6.5 6.755 0  0 0 1
O  7.8 6.755 0  0 0 1
O  9.1 6.755 0  0 0 1
O  10.4 6.755 0  0 0 1
O  11.7 6.755 0  0 0 1
O  13 6.755 0  0 0 1
O  14.3 6.755 0  0 0 1
O  15.6 6.755 0  0 0 1
O  16.9 6.755 0  0 0 1
O  18.2 6.755 0  0 0 1
O  19.5 6.755 0  0 0 1
O  20.8 6.755 0  0 0 1
O  22.1 6.755 0  0 0 1
O  23.4 6.755 0  0 0 1
O  24.7 6.755 0  0 0 1
O  26 6.755 0  0 0 1
O  27.3 6.755 0  0 0 1
O  28.6 6.755 0  0 0 1
O  29.9 6.755 0  0 0 1
O  31.2 6.755 0  0 0 1
O  32.5 6.755 0  0 0 1
O  33.8 6.755 0  0 0 1
O  35.1 6.755 0  0 0 1
O  36.4 6.755 0  0 0 1
O  37.7 6.755 0  0 0 1
O  0.65 7.88083 0  0 0 1
O  1.95 7.88083 0  0 0 1
O  3.25 7.88083 0  0 0 1
O  4.55 7.88083 0  0 0 1
O  5.85 7.88083 0  0 0 1
O  7.15 7.88083 0  0 0 1
O  8.45 7.88083 0  0 0 1
O  9.75 7.88083 0  0 0 1
O  11.05 7.88083 0  0 0 1
O  12.35 7.88083 0  0 0 1
O  13.65 7.88083 0  0 0 1
O  14.95 7.88083 0  0 0 1
O  16.25 7.88083 0  0 0 1
O  17.55 7.88083 0  0 0 1
O  18.85 7.88083 0  0 0 1
O  20.15 7.88083 0  0 0 1
O  21.45 7.88083 0  0 0 1
O  22.75 7.88083 0  0 0 1
O  24.05 7.88083 0  0 0 1
O  25.35 7.88083 0  0 0 1
O  26.65 7.88083 0  0 0 1
O  27.95 7.88083 0  0 0 1
O  29.25 7.88083 0  0 0 1
O  30.55 7.88083 0  0 0 1
O  31.85 7.88083 0  0 0 1
O  33.15 7.88083 0  0 0 1
O  34.45 7.88083 0  0 0 1
O  35.75 7.88083 0  0 0 1
O  37.05 7.88083 0  0 0 1
O  38.35 7.88083 0  0 0 1
O  0 9.00666 0  0 0 1
O  1.3 9.00666 0  0 0 1
O  2.6 9.00666 0  0 0 1
O  3.9 9.00666 0  0 0 1
O  5.2 9.00666 0  0 0 1
O  6.5 9.00666 0  0 0 1
O  7.8 9.00666 0  0 0 1
O  9.1 9.00666 0  0 0 1
O  10.4 9.00666 0  0 0 1
O  11.7 9.00666 0  0 0 1
O  13 9.00666 0  0 0 1
O  14.3 9.00666 0  0 0 1
O  15.6 9.00666 0  0 0 1
O  16.9 9.00666 0  0 0 1
O  18.2 9.00666 0  0 0 1
O  19.5 9.00666 0  0 0 1
O  20.8 9.00666 0  0 0 1
O  22.1 9.00666 0  0 0 1
O  23.4 9.00666 0  0 0 1
O  24.7 9.00666 0  0 0 1
O  26 9.00666 0  0 0 1
O  27.3 9.00666 0  0 0 1
O  28.6 9.00666 0  0 0 1
O  29.9 9.00666 0  0 0 1
O  31.2 9.00666 0  0 0 1
O  32.5 9.00666 0  0 0 1
O  33.8 9.00666 0  0 0 1
O  35.1 9.00666 0  0 0 1
O  36.4 9.00666 0  0 0 1
O  37.7 9.00666 0  0 0 1
O  0.65 10.1325 0  0 0 1
O  1.95 10.1325 0  0 0 1
O  3.25 10.1325 0  0 0 1
O  4.55 10.1325 0  0 0 1
O  5.85 10.1325 0  0 0 1
O  7.15 10.1325 0  0 0 1
O  8.45 10.1325 0  0 0 1
O  9.75 10.1325 0  0 0 1
O  11.05 10.1325 0  0 0 1
O  12.35 10.1325 0  0 0 1
O  13.65 10.1325 0  0 0 1
O  14.95 10.1325 0  0 0 1
O  16.25 10.1325 0  0 0 1
O  17.55 10.1325 0  0 0 1
O  18.85 10.1325 0  0 0 1
O  20.15 10.1325 0  0 0 1
O  21.45 10.1325 0  0 0 1
O  22.75 10.1325 0  0 0 1
O  24.05 10.1325 0  0 0 1
O  25.35 10.1325 0  0 0 1
O  26.65 10.1325 0  0 0 1
O  27.95 10.1325 0  0 0 1
O  29.25 10.1325 0  0 0 1
O  30.55 10.1325 0  0 0 1
O  31.85 10.1325 0  0 0 1
O  33.15 10.1325 0  0 0 1
O  34.45 10.1325 0  0 0 1
O  35.75 10.1325 0  0 0 1
O  37.05 10.1325 0  0 0 1
O  38.35 10.1325 0  0 0 1
O  0 11.2583 0  0 0 1
O  1.3 11.2583 0  0 0 1
O  2.6 11.2583 0  0 0 1
O  3.9 11.2583 0  0 0 1
O  5.2 11.2583 0  0 0 1
O  6.5 11.2583 0  0 0 1
O  7.8 11.2583 0  0 0 1
O  9.1 11.2583 0  0 0 1
O  10.4 11.2583 0  0 0 1
O  11.7 11.2583 0  0 0 1
O  13 11.2583 0  0 0 1
O  14.3 11.2583 0  0 0 1
O  15.6 11.2583 0  0 0 1
O  16.9 11.2583 0  0 0 1
O  18.2 11.2583 0  0 0 1
O  19.5 11.2583 0  0 0 1
O  20.8 11.2583 0  0 0 1
O  22.1 11.2583 0  0 0 1
O  23.4 11.2583 0  0 0 1
O  24.7 11.2583 0  0 0 1
O  26 11.2583 0  0 0 1
O  27.3 11.2583 0  0 0 1
O  28.6 11.2583 0  0 0 1
O  29.9 11.2583 0  0 0 1
O  31.2 11.2583 0  0 0 1
O  32.5 11.2583 0  0 0 1
O  33.8 11.2583 0  0 0 1
O  35.1 11.2583 0  0 0 1
O  36.4 11.2583 0  0 0 1
O  37.7 11.2583 0  0 0 1
O  0.65 12.3842 0  0 0 1
O  1.95 12.3842 0  0 0 1
O  3.25 12.3842 0  0 0 1
O  4.55 12.3842 0  0 0 1
O  5.85 12.3842 0  0 0 1
O  7.15 12.3842 0  0 0 1
O  8.45 12.3842 0  0 0 1
O  9.75 12.3842 0  0 0 1
O  11.05 12.3842 0  0 0 1
O  12.35 12.3842 0  0 0 1
O  13.65 12.3842 0  0 0 1
O  14.95 12.3842 0  0 0 1
O  16.25 12.3842 0  0 0 1
O  17.55 12.3842 0  0 0 1
O  18.85 12.3842 0  0 0 1
O  20.15 12.3842 0  0 0 1
O  21.45 12.3842 0  0 0 1
O  22.75 12.3842 0  0 0 1
O  24.05 12.3842 0  0 0 1
O  25.35 12.3842 0  0 0 1
O  26.65 12.3842 0  0 0 1
O  27.95 12.3842 0  0 0 1
O  29.25 12.3842 0  0 0 1
O  30.55 12.3842 0  0 0 1
O  31.85 12.3842 0  0 0 1
O  33.15 12.3842 0  0 0 1
O  34.45 12.3842 0  0 0 1
O  35.75 12.3842 0  0 0 1
O  37.05 12.3842 0  0 0 1
O  38.35 12.3842 0  0 0 1
O  0 13.51 0  0 0 1
O  1.3 13.51 0  0 0 1
O  2.6 13.51 0  0 0 1
O  3.9 13.51 0  0 0 1
O  5.2 13.51 0  0 0 1
O  6.5 13.51 0  0 0 1
O  7.8 13.51 0  0 0 1
O  9.1 13.51 0  0 0 1
O  10.4 13.51 0  0 0 1
O  11.7 13.51 0  0 0 1
O  13 13.51 0  0 0 1
O  14.3 13.51 0  0 0 1
O  15.6 13.51 0  0 0 1
O  16.9 13.51 0  0 0 1
O  18.2 13.51 0  0 0 1
O  19.5 13.51 0  0 0 1
O  20.8 13.51 0  0 0 1
O  22.1 13.51 0  0 0 1
O  23.4 13.51 0  0 0 1
O  24.7 13.51 0  0 0 1
O  26 13.51 0  0 0 1
O  27.3 13.51 0  0 0 1
O  28.6 13.51 0  0 0 1
O  29.9 13.51 0  0 0 1
O  31.2 13.51 0  0 0 1
O  32.5 13.51 0  0 0 1
O  33.8 13.51 0  0 0 1
O  35.1 13.51 0  0 0 1
O  36.4 13.51 0  0 0 1
O  37.7 13.51 0  0 0 1
O  0.65 14.6358 0  0 0 1
O  1.95 14.6358 0  0 0 1
O  3.25 14.6358 0  0 0 1
O  4.55 14.6358 0  0 0 1
O  5.85 14.6358 0  0 0 1
O  7.15 14.6358 0  0 0 1
O  8.45 14.6358 0  0 0 1
O  9.75 14.6358 0  0 0 1
O  11.05 14.6358 0  0 0 1
O  12.35 14.6358 0  0 0 1
O  13.65 14.6358 0  0 0 1
O  14.95 14.6358 0  0 0 1
O  16.25 14.6358 0  0 0 1
O  17.55 14.6358 0  0 0 1
O  18.85 14.6358 0  0 0 1
O  20.15 14.6358 0  0 0 1
O  21.45 14.6358 0  0 0 1
O  22.75 14.6358 0  0 0 1
O  24.05 14.6358 0  0 0 1
O  25.35 14.6358 0  0 0 1
O  26.65 14.6358 0  0 0 1
O  27.95 14.6358 0  0 0 1
O  29.25 14.6358 0  0 0 1
O  30.55 14.6358 0  0 0 1
O  31.85 14.6358 0  0 0 1
O  33.15 14.6358 0  0 0 1
O  34.45 14.6358 0  0 0 1
O  35.75 14.6358 0  0 0 1
O  37.05 14.6358 0  0 0 1
O  38.35 14.6358 0  0 0 1
O  0 15.7617 0  0 0 1
O  1.3 15.7617 0  0 0 1
O  2.6 15.7617 0  0 0 1
O  3.9 15.7617 0  0 0 1
O  5.2 15.7617 0  0 0 1
O  6.5 15.7617 0  0 0 1
O  7.8 15.7617 0  0 0 1
O  9.1 15.7617 0  0 0 1
O  10.4 15.7617 0  0 0 1
O  11.7 15.7617 0  0 0 1
O  13 15.7617 0  0 0 1
O  14.3 15.7617 0  0 0 1
O  15.6 15.7617 0  0 0 1
O  16.9 15.7617 0  0 0 1
O  18.2 15.7617 0  0 0 1
O  19.5 15.7617 0  0 0 1
O  20.8 15.7617 0  0 0 1
O  22.1 15.7617 0  0 0 1
O  23.4 15.7617 0  0 0 1
O  24.7 15.7617 0  0 0 1
O  26 15.7617 0  0 0 1
O  27.3 15.7617 0  0 0 1
O  28.6 15.7617 0  0 0 1
O  29.9 15.7617 0  0 0 1
O  31.2 15.7617 0  0 0 1
O  32.5 15.7617 0  0 0 1
O  33.8 15.7617 0  0 0 1
O  35.1 15.7617 0  0 0 1
O  36.4 15.7617 0  0 0 1
O  37.7 15.7617 0  0 0 1
O  0.65 16.8875 0  0 0 1
O  1.95 16.8875 0  0 0 1
O  3.25 16.8875 0  0 0 1
O  4.55 16.8875 0  0 0 1
O  5.85 16.8875 0  0 0 1
O  7.15 16.8875 0  0 0 1
O  8.45 16.8875 0  0 0 1
O  9.75 16.8875 0  0 0 1
O  11.05 16.8875 0  0 0 1
O  12.35 16.8875 0  0 0 1
O  13.65 16.8875 0  0 0 1
O  14.95 16.8875 0  0 0 1
O  16.25 16.8875 0  0 0 1
O  17.55 16.8875 0  0 0 1
O  18.85 16.8875 0  0 0 1
O  20.15 16.8875 0  0 0 1
O  21.45 16.8875 0  0 0 1
O  22.75 16.8875 0  0 0 1
O  24.05 16.8875 0  0 0 1
O  25.35 16.8875 0  0 0 1
O  26.65 16.8875 0  0 0 1
O  27.95 16.8875 0  0 0 1
O  29.25 16.8875 0  0 0 1
O  30.55 16.8875 0  0 0 1
O  31.85 16.8875 0  0 0 1
O  33.15 16.8875 0  0 0 1
O  34.45 16.8875 0  0 0 1
O  35.75 16.8875 0  0 0 1
O  37.05 16.8875 0  0 0 1
O  38.35 16.8875 0  0 0 1
O  0 18.0133 0  0 0 1
O  1.3 18.0133 0  0 0 1
O  2.6 18.0133 0  0 0 1
O  3.9 18.0133 0  0 0 1
O  5.2 18.0133 0  0 0 1
O  6.5 18.0133 0  0 0 1
O  7.8 18.0133 0  0 0 1
O  9.1 18.0133 0  0 0 1
O  10.4 18.0133 0  0 0 1
O  11.7 18.0133 0  0 0 1
O  13 18.0133 0  0 0 1
O  14.3 18.0133 0  0 0 1
O  15.6 18.0133 0  0 0 1
O  16.9 18.0133 0  0 0 1
O  18.2 18.0133 0  0 0 1
O  19.5 18.0133 0  0 0 1
O  20.8 18.0133 0  0 0 1
O  22.1 18.0133 0  0 0 1
O  23.4 18.0133 0  0 0 1
O  24.7 18.0133 0  0 0 1
O  26 18.0133 0  0 0 1
O  27.3 18.0133 0  0 0 1
O  28.6 18.0133 0  0 0 1
O  29.9 18.0133 0  0 0 1
O  31.2 18.0133 0  0 0 1
O  32.5 18.0133 0  0 0 1
O  33.8 18.0133 0  0 0 1
O  35.1 18.0133 0  0 0 1
O  36.4 18.0133 0  0 0 1
O  37.7 18.0133 0  0 0 1
O  0.65 19.1392 0  0 0 1
O  1.95 19.1392 0  0 0 1
O  3.25 19.1392 0  0 0 1
O  4.55 19.1392 0  0 0 1
O  5.85 19.1392 0  0 0 1
O  7.15 19.1392 0  0 0 1
O  8.45 19.1392 0  0 0 1
O  9.75 19.1392 0  0 0 1
O  11.05 19.1392 0  0 0 1
O  12.35 19.1392 0  0 0 1
O  13.65 19.1392 0  0 0 1
O  14.95 19.1392 0  0 0 1
O  16.25 19.1392 0  0 0 1
O  17.55 19.1392 0  0 0 1
O  18.85 19.1392 0  0 0 1
O  20.15 19.1392 0  0 0 1
O  21.45 19.1392 0  0 0 1
O  22.75 19.1392 0  0 0 1
O  24.05 19.1392 0  0 0 1
O  25.35 19.1392 0  0 0 1
O  26.65 19.1392 0  0 0 1
O  27.95 19.1392 0  0 0 1
O  29.25 19.1392 0  0 0 1
O  30.55 19.1392 0  0 0 1
O  31.85 19.1392 0  0 0 1
O  33.15 19.1392 0  0 0 1
O  34.45 19.1392 0  0 0 1
O  35.75 19.1392 0  0 0 1
O  37.05 19.1392 0  0 0 1
O  38.35 19.1392 0  0 0 1
O  0 20.265 0  0 0 1
O  1.3 20.265 0  0 0 1
O  2.6 20.265 0  0 0 1
O  3.9 20.265 0  0 0 1
O  5.2 20.265 0  0 0 1
O  6.5 20.265 0  0 0 1
O  7.8 20.265 0  0 0 1
O  9.1 20.265 0  0 0 1
O  10.4 20.265 0  0 0 1
O  11.7 20.265 0  0 0 1
O  13 20.265 0  0 0 1
O  14.3 20.265 0  0 0 1
O  15.6 20.265 0  0 0 1
O  16.9 20.265 0  0 0 1
O  18.2 20.265 0  0 0 1
O  19.5 20.265 0  0 0 1
O  20.8 20.265 0  0 0 1
O  22.1 20.265 0  0 0 1
O  23.4 20.265 0  0 0 1
O  24.7 20.265 0  0 0 1
O  26 20.265 0  0 0 1
O  27.3 20.265 0  0 0 1
O  28.6 20.265 0  0 0 1
O  29.9 20.265 0  0 0 1
O  31.2 20.265 0  0 0 1
O  32.5 20.265 0  0 0 1
O  33.8 20.265 0  0 0 1
O  35.1 20.265 0  0 0 1
O  36.4 20.265 0  0 0 1
O  37.7 20.265 0  0 0 1
O  0.65 21.3908 0  0 0 1
O  1.95 21.3908 0  0 0 1
O  3.25 21.3908 0  0 0 1
O  4.55 21.3908 0  0 0 1
O  5.85 21.3908 0  0 0 1
O  7.15 21.3908 0  0 0 1
O  8.45 21.3908 0  0 0 1
O  9.75 21.3908 0  0 0 1
O  11.05 21.3908 0  0 0 1
O  12.35 21.3908 0  0 0 1
O  13.65 21.3908 0  0 0 1
O  14.95 21.3908 0  0 0 1
O  16.25 21.3908 0  0 0 1
O  17.55 21.3908 0  0 0 1
O  18.85 21.3908 0  0 0 1
O  20.15 21.3908 0  0 0 1
O  21.45 21.3908 0  0 0 1
O  22.75 21.3908 0  0 0 1
O  24.05 21.3908 0  0 0 1
O  25.35 21.3908 0  0 0 1
O  26.65 21.3908 0  0 0 1
O  27.95 21.3908 0  0 0 1
O  29.25 21.3908 0  0 0 1
O  30.55 21.3908 0  0 0 1
O  31.85 21.3908 0  0 0 1
O  33.15 21.3908 0  0 0 1
O  34.45 21.3908 0  0 0 1
O  35.75 21.3908 0  0 0 1
O  37.05 21.3908 0  0 0 1
O  38.35 21.3908 0  0 0 1
O  0 22.5167 0  0 0 1
O  1.3 22.5167 0  0 0 1
O  2.6 22.5167 0  0 0 1
O  3.9 22.5167 0  0 0 1
O  5.2 22.5167 0  0 0 1
O  6.5 22.5167 0  0 0 1
O  7.8 22.5167 0  0 0 1
O  9.1 22.5167 0  0 0 1
O  10.4 22.5167 0  0 0 1
O  11.7 22.5167 0  0 0 1
O  13 22.5167 0  0 0 1
O  14.3 22.5167 0  0 0 1
O  15.6 22.5167 0  0 0 1
O  16.9 22.5167 0  0 0 1
O  18.2 22.5167 0  0 0 1
O  19.5 22.5167 0  0 0 1
O  20.8 22.5167 0  0 0 1
O  22.1 22.5167 0  0 0 1
O  23.4 22.5167 0  0 0 1
O  24.7 22.5167 0  0 0 1
O  26 22.5167 0  0 0 1
O  27.3 22.5167 0  0 0 1
O  28.6 22.5167 0  0 0 1
O  29.9 22.5167 0  0 0 1
O  31.2 22.5167 0  0 0 1
O  32.5 22.5167 0  0 0 1
O  33.8 22.5167 0  0 0 1
O  35.1 22.5167 0  0 0 1
O  36.4 22.5167 0  0 0 1
O  37.7 22.5167 0  0 0 1
O  0.65 23.6425 0  0 0 1
O  1.95 23.6425 0  0 0 1
O  3.25 23.6425 0  0 0 1
O  4.55 23.6425 0  0 0 1
O  5.85 23.6425 0  0 0 1
O  7.15 23.6425 0  0 0 1
O  8.45 23.6425 0  0 0 1
O  9.75 23.6425 0  0 0 1
O  11.05 23.6425 0  0 0 1
O  12.35 23.6425 0  0 0 1
O  13.65 23.6425 0  0 0 1
O  14.95 23.6425 0  0 0 1
O  16.25 23.6425 0  0 0 1
O  17.55 23.6425 0  0 0 1
O  18.85 23.6425 0  0 0 1
O  20.15 23.6425 0  0 0 1
O  21.45 23.6425 0  0 0 1
O  22.75 23.6425 0  0 0 1
O  24.05 23.6425 0  0 0 1
O  25.35 23.6425 0  0 0 1
O  26.65 23.6425 0  0 0 1
O  27.95 23.6425 0  0 0 1
O  29.25 23.6425 0  0 0 1
O  30.55 23.6425 0  0 0 1
O  31.85 23.6425 0  0 0 1
O  33.15 23.6425 0  0 0 1
O  34.45 23.6425 0  0 0 1
O  35.75 23.6425 0  0 0 1
O  37.05 23.6425 0  0 0 1
O  38.35 23.6425 0  0 0 1
O  0 24.7683 0  0 0 1
O  1.3 24.7683 0  0 0 1
O  2.6 24.7683 0  0 0 1
O  3.9 24.7683 0  0 0 1
O  5.2 24.7683 0  0 0 1
O  6.5 24.7683 0  0 0 1
O  7.8 24.7683 0  0 0 1
O  9.1 24.7683 0  0 0 1
O  10.4 24.7683 0  0 0 1
O  11.7 24.7683 0  0 0 1
O  13 24.7683 0  0 0 1
O  14.3 24.7683 0  0 0 1
O  15.6 24.7683 0  0 0 1
O  16.9 24.7683 0  0 0 1
O  18.2 24.7683 0  0 0 1
O  19.5 24.7683 0  0 0 1
O  20.8 24.7683 0  0 0 1
O  22.1 24.7683 0  0 0 1
O  23.4 24.7683 0  0 0 1
O  24.7 24.7683 0  0 0 1
O  26 24.7683 0  0 0 1
O  27.3 24.7683 0  0 0 1
O  28.6 24.7683 0  0 0 1
O  29.9 24.7683 0  0 0 1
O  31.2 24.7683 0  0 0 1
O  32.5 24.7683 0  0 0 1
O  33.8 24.7683 0  0 0 1
O  35.1 24.7683 0  0 0 1
O  36.4 24.7683 0  0 0 1
O  37.7 24.7683 0  0 0 1
O  0.65 25.8942 0  0 0 1
O  1.95 25.8942 0  0 0 1
O  3.25 25.8942 0  0 0 1
O  4.55 25.8942 0  0 0 1
O  5.85 25.8942 0  0 0 1
O  7.15 25.8942 0  0 0 1
O  8.45 25.8942 0  0 0 1
O  9.75 25.8942 0  0 0 1
O  11.05 25.8942 0  0 0 1
O  12.35 25.8942 0  0 0 1
O  13.65 25.8942 0  0 0 1
O  14.95 25.8942 0  0 0 1
O  16.25 25.8942 0  0 0 1
O  17.55 25.8942 0  0 0 1
O  18.85 25.8942 0  0 0 1
O  20.15 25.8942 0  0 0 1
O  21.45 25.8942 0  0 0 1
O  22.75 25.8942 0  0 0 1
O  24.05 25.8942 0  0 0 1
O  25.35 25.8942 0  0 0 1
O  26.65 25.8942 0  0 0 1
O  27.95 25.8942 0  0 0 1
O  29.25 25.8942 0  0 0 1
O  30.55 25.8942 0  0 0 1
O  31.85 25.8942 0  0 0 1
O  33.15 25.8942 0  0 0 1
O  34.45 25.8942 0  0 0 1
O  35.75 25.8942 0  0 0 1
O  37.05 25.8942 0  0 0 1
O  38.35 25.8942 0  0 0 1
O  0 27.02 0  0 0 1
O  1.3 27.02 0  0 0 1
O  2.6 27.02 0  0 0 1
O  3.9 27.02 0  0 0 1
O  5.2 27.02 0  0 0 1
O  6.5 27.02 0  0 0 1
O  7.8 27.02 0  0 0 1
O  9.1 27.02 0  0 0 1
O  10.4 27.02 0  0 0 1
O  11.7 27.02 0  0 0 1
O  13 27.02 0  0 0 1
O  14.3 27.02 0  0 0 1
O  15.6 27.02 0  0 0 1
O  16.9 27.02 0  0 0 1
O  18.2 27.02 0  0 0 1
O  19.5 27.02 0  0 0 1
O  20.8 27.02 0  0 0 1
O  22.1 27.02 0  0 0 1
O  23.4 27.02 0  0 0 1
O  24.7 27.02 0  0 0 1
O  26 27.02 0  0 0 1
O  27.3 27.02 0  0 0 1
O  28.6 27.02 0  0 0 1
O  29.9 27.02 0  0 0 1
O  31.2 27.02 0  0 0 1
O  32.5 27.02 0  0 0 1
O  33.8 27.02 0  0 0 1
O  35.1 27.02 0  0 0 1
O  36.4 27.02 0  0 0 1
O  37.7 27.02 0  0 0 1
O  0.65 28.1458 0  0 0 1
O  1.95 28.1458 0  0 0 1
O  3.25 28.1458 0  0 0 1
O  4.55 28.1458 0  0 0 1
O  5.85 28.1458 0  0 0 1
O  7.15 28.1458 0  0 0 1
O  8.45 28.1458 0  0 0 1
O  9.75 28.1458 0  0 0 1
O  11.05 28.1458 0  0 0 1
O  12.35 28.1458 0  0 0 1
O  13.65 28.1458 0  0 0 1
O  14.95 28.1458 0  0 0 1
O  16.25 28.1458 0  0 0 1
O  17.55 28.1458 0  0 0 1
O  18.85 28.1458 0  0 0 1
O  20.15 28.1458 0  0 0 1
O  21.45 28.1458 0  0 0 1
O  22.75 28.1458 0  0 0 1
O  24.05 28.1458 0  0 0 1
O  25.35 28.1458 0  0 0 1
O  26.65 28.1458 0  0 0 1
O  27.95 28.1458 0  0 0 1
O  29.25 28.1458 0  0 0 1
O  30.55 28.1458 0  0 0 1
O  31.85 28.1458 0  0 0 1
O  33.15 28.1458 0  0 0 1
O  34.45 28.1458 0  0 0 1
O  35.75 28.1458 0  0 0 1
O  37.05 28.1458 0  0 0 1
O  38.35 28.1458 0  0 0 1
O  0 29.2717 0  0 0 1
O  1.3 29.2717 0  0 0 1
O  2.6 29.2717 0  0 0 1
O  3.9 29.2717 0  0 0 1
O  5.2 29.2717 0  0 0 1
O  6.5 29.2717 0  0 0 1
O  7.8 29.2717 0  0 0 1
O  9.1 29.2717 0  0 0 1
O  10.4 29.2717 0  0 0 1
O  11.7 29.2717 0  0 0 1
O  13 29.2717 0  0 0 1
O  14.3 29.2717 0  0 0 1
O  15.6 29.2717 0  0 0 1
O  16.9 29.2717 0  0 0 1
O  18.2 29.2717 0  0 0 1
O  19.5 29.2717 0  0 0 1
O  20.8 29.2717 0  0 0 1
O  22.1 29.2717 0  0 0 1
O  23.4 29.2717 0  0 0 1
O  24.7 29.2717 0  0 0 1
O  26 29.2717 0  0 0 1
O  27.3 29.2717 0  0 0 1
O  28.6 29.2717 0  0 0 1
O  29.9 29.2717 0  0 0 1
O  31.2 29.2717 0  0 0 1
O  32.5 29.2717 0  0 0 1
O  33.8 29.2717 0  0 0 1
O  35.1 29.2717 0  0 0 1
O  36.4 29.2717 0  0 0 1
O  37.7 29.2717 0  0 0 1
O  0.65 30.3975 0  0 0 1
O  1.95 30.3975 0  0 0 1
O  3.25 30.3975 0  0 0 1
O  4.55 30.3975 0  0 0 1
O  5.85 30.3975 0  0 0 1
O  7.15 30.3975 0  0 0 1
O  8.45 30.3975 0  0 0 1
O  9.75 30.3975 0  0 0 1
O  11.05 30.3975 0  0 0 1
O  12.35 30.3975 0  0 0 1
O  13.65 30.3975 0  0 0 1
O  14.95 30.3975 0  0 0 1
O  16.25 30.3975 0  0 0 1
O  17.55 30.3975 0  0 0 1
O  18.85 30.3975 0  0 0 1
O  20.15 30.3975 0  0 0 1
O  21.45 30.3975 0  0 0 1
O  22.75 30.3975 0  0 0 1
O  24.05 30.3975 0  0 0 1
O  25.35 30.3975 0  0 0 1
O  26.65 30.3975 0  0 0 1
O  27.95 30.3975 0  0 0 1
O  29.25 30.3975 0  0 0 1
O  30.55 30.3975 0  0 0 1
O  31.85 30.3975 0  0 0 1
O  33.15 30.3975 0  0 0 1
O  34.45 30.3975 0  0 0 1
O  35.75 30.3975 0  0 0 1
O  37.05 30.3975 0  0 0 1
O  38.35 30.3975 0  0 0 1
O  0 31.5233 0  0 0 1
O  1.3 31.5233 0  0 0 1
O  2.6 31.5233 0  0 0 1
O  3.9 31.5233 0  0 0 1
O  5.2 31.5233 0  0 0 1
O  6.5 31.5233 0  0 0 1
O  7.8 31.5233 0  0 0 1
O  9.1 31.5233 0  0 0 1
O  10.4 31.5233 0  0 0 1
O  11.7 31.5233 0  0 0 1
O  13 31.5233 0  0 0 1
O  14.3 31.5233 0  0 0 1
O  15.6 31.5233 0  0 0 1
O  16.9 31.5233 0  0 0 1
O  18.2 31.5233 0  0 0 1
O  19.5 31.5233 0  0 0 1
O  20.8 31.5233 0  0 0 1
O  22.1 31.5233 0  0 0 1
O  23.4 31.5233 0  0 0 1
O  24.7 31.5233 0  0 0 1
O  26 31.5233 0  0 0 1
O  27.3 31.5233 0  0 0 1
O  28.6 31.5233 0  0 0 1
O  29.9 31.5233 0  0 0 1
O  31.2 31.5233 0  0 0 1
O  32.5 31.5233 0  0 0 1
O  33.8 31.5233 0  0 0 1
O  35.1 31.5233 0  0 0 1
O  36.4 31.5233 0  0 0 1
O  37.7 31.5233 0  0 0 1
O  0.65 32.6492 0  0 0 1
O  1.95 32.6492 0  0 0 1
O  3.25 32.6492 0  0 0 1
O  4.55 32.6492 0  0 0 1
O  5.85 32.6492 0  0 0 1
O  7.15 32.6492 0  0 0 1
O  8.45 32.6492 0  0 0 1
O  9.75 32.6492 0  0 0 1
O  11.05 32.6492 0  0 0 1
O  12.35 32.6492 0  0 0 1
O  13.65 32.6492 0  0 0 1
O  14.95 32.6492 0  0 0 1
O  16.25 32.6492 0  0 0 1
O  17.55 32.6492 0  0 0 1
O  18.85 32.6492 0  0 0 1
O  20.15 32.6492 0  0 0 1
O  21.45 32.6492 0  0 0 1
O  22.75 32.6492 0  0 0 1
O  24.05 32.6492 0  0 0 1
O  25.35 32.6492 0  0 0 1
O  26.65 32.6492 0  0 0 1
O  27.95 32.6492 0  0 0 1
O  29.25 32.6492 0  0 0 1
O  30.55 32.6492 0  0 0 1
O  31.85 32.6492 0  0 0 1
O  33.15 32.6492 0  0 0 1
O  34.45 32.6492 0  0 0 1
O  35.75 32.6492 0  0 0 1
O  37.05 32.6492 0  0 0 1
O  38.35 32.6492 0  0 0 1
O  0 33.775 0  0 0 1
O  1.3 33.775 0  0 0 1
O  2.6 33.775 0  0 0 1
O  3.9 33.775 0  0 0 1
O  5.2 33.775 0  0 0 1
O  6.5 33.775 0  0 0 1
O  7.8 33.775 0  0 0 1
O  9.1 33.775 0  0 0 1
O  10.4 33.775 0  0 0 1
O  11.7 33.775 0  0 0 1
O  13 33.775 0  0 0 1
O  14.3 33.775 0  0 0 1
O  15.6 33.775 0  0 0 1
O  16.9 33.775 0  0 0 1
O  18.2 33.775 0  0 0 1
O  19.5 33.775 0  0 0 1
O  20.8 33.775 0  0 0 1
O  22.1 33.775 0  0 0 1
O  23.4 33.775 0  0 0 1
O  24.7 33.775 0  0 0 1
O  26 33.775 0  0 0 1
O  27.3 33.775 0  0 0 1
O  28.6 33.775 0  0 0 1
O  29.9 33.775 0  0 0 1
O  31.2 33.775 0  0 0 1
O  32.5 33.775 0  0 0 1
O  33.8 33.775 0  0 0 1
O  35.1 33.775 0  0 0 1
O  36.4 33.775 0  0 0 1
O  37.7 33.775 0  0 0 1
O  0.65 34.9008 0  0 0 1
O  1.95 34.9008 0  0 0 1
O  3.25 34.9008 0  0 0 1
O  4.55 34.9008 0  0 0 1
O  5.85 34.9008 0  0 0 1
O  7.15 34.9008 0  0 0 1
O  8.45 34.9008 0  0 0 1
O  9.75 34.9008 0  0 0 1
O  11.05 34.9008 0  0 0 1
O  12.35 34.9008 0  0 0 1
O  13.65 34.9008 0  0 0 1
O  14.95 34.9008 0  0 0 1
O  16.25 34.9008 0  0 0 1
O  17.55 34.9008 0  0 0 1
O  18.85 34.9008 0  0 0 1
O  20.15 34.9008 0  0 0 1
O  21.45 34.9008 0  0 0 1
O  22.75 34.9008 0  0 0 1
O  24.05 34.9008 0  0 0 1
O  25.35 34.9008 0  0 0 1
O  26.65 34.9008 0  0 0 1
O  27.95 34.9008 0  0 0 1
O  29.25 34.9008 0  0 0 1
O  30.55 34.9008 0  0 0 1
O  31.85 34.9008 0  0 0 1
O  33.15 34.9008 0  0 0 1
O  34.45 34.9008 0  0 0 1
O  35.75 34.9008 0  0 0 1
O  37.05 34.9008 0  0 0 1
O  38.35 34.9008 0  0 0 1
O  0 36.0267 0  0 0 1
O  1.3 36.0267 0  0 0 1
O  2.6 36.0267 0  0 0 1
O  3.9 36.0267 0  0 0 1
O  5.2 36.0267 0  0 0 1
O  6.5 36.0267 0  0 0 1
O  7.8 36.0267 0  0 0 1
O  9.1 36.0267 0  0 0 1
O  10.4 36.0267 0  0 0 1
O  11.7 36.0267 0  0 0 1
O  13 36.0267 0  0 0 1
O  14.3 36.0267 0  0 0 1
O  15.6 36.0267 0  0 0 1
O  16.9 36.0267 0  0 0 1
O  18.2 36.0267 0  0 0 1
O  19.5 36.0267 0  0 0 1
O  20.8 36.0267 0  0 0 1
O  22.1 36.0267 0  0 0 1
O  23.4 36.0267 0  0 0 1
O  24.7 36.0267 0  0 0 1
O  26 36.0267 0  0 0 1
O  27.3 36.0267 0  0 0 1
O  28.6 36.0267 0  0 0 1
O  29.9 36.0267 0  0 0 1
O  31.2 36.0267 0  0 0 1
O  32.5 36.0267 0  0 0 1
O  33.8 36.0267 0  0 0 1
O  35.1 36.0267 0  0 0 1
O  36.4 36.0267 0  0 0 1
O  37.7 36.0267 0  0 0 1
O  0.65 37.1525 0  0 0 1
O  1.95 37.1525 0  0 0 1
O  3.25 37.1525 0  0 0 1
O  4.55 37.1525 0  0 0 1
O  5.85 37.1525 0  0 0 1
O  7.15 37.1525 0  0 0 1
O  8.45 37.1525 0  0 0 1
O  9.75 37.1525 0  0 0 1
O  11.05 37.1525 0  0 0 1
O  12.35 37.1525 0  0 0 1
O  13.65 37.1525 0  0 0 1
O  14.95 37.1525 0  0 0 1
O  16.25 37.1525 0  0 0 1
O  17.55 37.1525 0  0 0 1
O  18.85 37.1525 0  0 0 1
O  20.15 37.1525 0  0 0 1
O  21.45 37.1525 0  0 0 1
O  22.75 37.1525 0  0 0 1
O  24.05 37.1525 0  0 0 1
O  25.35 37.1525 0  0 0 1
O  26.65 37.1525 0  0 0 1
O  27.95 37.1525 0  0 0 1
O  29.25 37.1525 0  0 0 1
O  30.55 37.1525 0  0 0 1
O  31.85 37.1525 0  0 0 1
O  33.15 37.1525 0  0 0 1
O  34.45 37.1525 0  0 0 1
O  35.75 37.1525 0  0 0 1
O  37.05 37.1525 0  0 0 1
O  38.35 37.1525 0  0 0 1
O  0 38.2783 0  0 0 1
O  1.3 38.2783 0  0 0 1
O  2.6 38.2783 0  0 0 1
O  3.9 38.2783 0  0 0 1
O  5.2 38.2783 0  0 0 1
O  6.5 38.2783 0  0 0 1
O  7.8 38.2783 0  0 0 1
O  9.1 38.2783 0  0 0 1
O  10.4 38.2783 0  0 0 1
O  11.7 38.2783 0  0 0 1
O  13 38.2783 0  0 0 1
O  14.3 38.2783 0  0 0 1
O  15.6 38.2783 0  0 0 1
O  16.9 38.2783 0  0 0 1
O  18.2 38.2783 0  0 0 1
O  19.5 38.2783 0  0 0 1
O  20.8 38.2783 0  0 0 1
O  22.1 38.2783 0  0 0 1
O  23.4 38.2783 0  0 0 1
O  24.7 38.2783 0  0 0 1
O  26 38.2783 0  0 0 1
O  27.3 38.2783 0  0 0 1
O  28.6 38.2783 0  0 0 1
O  29.9 38.2783 0  0 0 1
O  31.2 38.2783 0  0 0 1
O  32.5 38.2783 0  0 0 1
O  33.8 38.2783 0  0 0 1
O  35.1 38.2783 0  0 0 1
O  36.4 38.2783 0  0 0 1
O  37.7 38.2783 0  0 0 1
O  0.65 39.4042 0  0 0 1
O  1.95 39.4042 0  0 0 1
O  3.25 39.4042 0  0 0 1
O  4.55 39.4042 0  0 0 1
O  5.85 39.4042 0  0 0 1
O  7.15 39.4042 0  0 0 1
O  8.45 39.4042 0  0 0 1
O  9.75 39.4042 0  0 0 1
O  11.05 39.4042 0  0 0 1
O  12.35 39.4042 0  0 0 1
O  13.65 39.4042 0  0 0 1
O  14.95 39.4042 0  0 0 1
O  16.25 39.4042 0  0 0 1
O  17.55 39.4042 0  0 0 1
O  18.85 39.4042 0  0 0 1
O  20.15 39.4042 0  0 0 1
O  21.45 39.4042 0  0 0 1
O  22.75 39.4042 0  0 0 1
O  24.05 39.4042 0  0 0 1
O  25.35 39.4042 0  0 0 1
O  26.65 39.4042 0  0 0 1
O  27.95 39.4042 0  0 0 1
O  29.25 39.4042 0  0 0 1
O  30.55 39.4042 0  0 0 1
O  31.85 39.4042 0  0 0 1
O  33.15 39.4042 0  0 0 1
O  34.45 39.4042 0  0 0 1
O  35.75 39.4042 0  0 0 1
O  37.05 39.4042 0  0 0 1
O  38.35 39.4042 0  0 0 1
O  0 40.53 0  0 0 1
O  1.3 40.53 0  0 0 1
O  2.6 40.53 0  0 0 1
O  3.9 40.53 0  0 0 1
O  5.2 40.53 0  0 0 1
O  6.5 40.53 0  0 0 1
O  7.8 40.53 0  0 0 1
O  9.1 40.53 0  0 0 1
O  10.4 40.53 0  0 0 1
O  11.7 40.53 0  0 0 1
O  13 40.53 0  0 0 1
O  14.3 40.53 0  0 0 1
O  15.6 40.53 0  0 0 1
O  16.9 40.53 0  0 0 1
O  18.2 40.53 0  0 0 1
O  19.5 40.53 0  0 0 1
O  20.8 40.53 0  0 0 1
O  22.1 40.53 0  0 0 1
O  23.4 40.53 0  0 0 1
O  24.7 40.53 0  0 0 1
O  26 40.53 0  0 0 1
O  27.3 40.53 0  0 0 1
O  28.6 40.53 0  0 0 1
O  29.9 40.53 0  0 0 1
O  31.2 40.53 0  0 0 1
O  32.5 40.53 0  0 0 1
O  33.8 40.53 0  0 0 1
O  35.1 40.53 0  0 0 1
O  36.4 40.53 0  0 0 1
O  37.7 40.53 0  0 0 1
O  0.65 41.6558 0  0 0 1
O  1.95 41.6558 0  0 0 1
O  3.25 41.6558 0  0 0 1
O  4.55 41.6558 0  0 0 1
O  5.85 41.6558 0  0 0 1
O  7.15 41.6558 0  0 0 1
O  8.45 41.6558 0  0 0 1
O  9.75 41.6558 0  0 0 1
O  11.05 41.6558 0  0 0 1
O  12.35 41.6558 0  0 0 1
O  13.65 41.6558 0  0 0 1
O  14.95 41.6558 0  0 0 1
O  16.25 41.6558 0  0 0 1
O  17.55 41.6558 0  0 0 1
O  18.85 41.6558 0  0 0 1
O  20.15 41.6558 0  0 0 1
O  21.45 41.6558 0  0 0 1
O  22.75 41.6558 0  0 0 1
O  24.05 41.6558 0  0 0 1
O  25.35 41.6558 0  0 0 1
O  26.65 41.6558 0  0 0 1
O  27.95 41.6558 0  0 0 1
O  29.25 41.6558 0  0 0 1
O  30.55 41.6558 0  0 0 1
O  31.85 41.6558 0  0 0 1
O  33.15 41.6558 0  0 0 1
O  34.45 41.6558 0  0 0 1
O  35.75 41.6558 0  0 0 1
O  37.05 41.6558 0  0 0 1
O  38.35 41.6558 0  0 0 1
O  0 42.7817 0  0 0 1
O  1.3 42.7817 0  0 0 1
O  2.6 42.7817 0  0 0 1
O  3.9 42.7817 0  0 0 1
O  5.2 42.7817 0  0 0 1
O  6.5 42.7817 0  0 0 1
O  7.8 42.7817 0  0 0 1
O  9.1 42.7817 0  0 0 1
O  10.4 42.7817 0  0 0 1
O  11.7 42.7817 0  0 0 1
O  13 42.7817 0  0 0 1
O  14.3 42.7817 0  0 0 1
O  15.6 42.7817 0  0 0 1
O  16.9 42.7817 0  0 0 1
O  18.2 42.7817 0  0 0 1
O  19.5 42.7817 0  0 0 1
O  20.8 42.7817 0  0 0 1
O  22.1 42.7817 0  0 0 1
O  23.4 42.7817 0  0 0 1
O  24.7 42.7817 0  0 0 1
O  26 42.7817 0  0 0 1
O  27.3 42.7817 0  0 0 1
O  28.6 42.7817 0  0 0 1
O  29.9 42.7817 0  0 0 1
O  31.2 42.7817 0  0 0 1
O  32.5 42.7817 0  0 0 1
O  33.8 42.7817 0  0 0 1
O  35.1 42.7817 0  0 0 1
O  36.4 42.7817 0  0 0 1
O  37.7 42.7817 0  0 0 1
O  0.65 43.9075 0  0 0 1
O  1.95 43.9075 0  0 0 1
O  3.25 43.9075 0  0 0 1
O  4.55 43.9075 0  0 0 1
O  5.85 43.9075 0  0 0 1
O  7.15 43.9075 0  0 0 1
O  8.45 43.9075 0  0 0 1
O  9.75 43.9075 0  0 0 1
O  11.05 43.9075 0  0 0 1
O  12.35 43.9075 0  0 0 1
O  13.65 43.9075 0  0 0 1
O  14.95 43.9075 0  0 0 1
O  16.25 43.9075 0  0 0 1
O  17.55 43.9075 0  0 0 1
O  18.85 43.9075 0  0 0 1
O  20.15 43.9075 0  0 0 1
O  21.45 43.9075 0  0 0 1
O  22.75 43.9075 0  0 0 1
O  24.05 43.9075 0  0 0 1
O  25.35 43.9075 0  0 0 1
O  26.65 43.9075 0  0 0 1
O  27.95 43.9075 0  0 0 1
O  29.25 43.9075 0  0 0 1
O  30.55 43.9075 0  0 0 1
O  31.85 43.9075 0  0 0 1
O  33.15 43.9075 0  0 0 1
O  34.45 43.9075 0  0 0 1
O  35.75 43.9075 0  0 0 1
O  37.05 43.9075 0  0 0 1
O  38.35 43.9075 0  0 0 1

O  0 0 1  0 0 -1
O  1.3 0 1  0 0 -1
O  2.6 0 1  0 0 -1
O  3.9 0 1  0 0 -1
O  5.2 0 1  0 0 -1
O  6.5 0 1  0 0 -1
O  7.8 0 1  0 0 -1
O  9.1 0 1  0 0 -1
O  10.4 0 1  0 0 -1
O  11.7 0 1  0 0 -1
O  13 0 1  0 0 -1
O  14.3 0 1  0 0 -1
O  15.6 0 1  0 0 -1
O  16.9 0 1  0 0 -1
O  18.2 0 1  0 0 -1
O  19.5 0 1  0 0 -1
O  20.8 0 1  0 0 -1
O  22.1 0 1  0 0 -1
O  23.4 0 1  0 0 -1
O  24.7 0 1  0 0 -1
O  26 0 1  0 0 -1
O  27.3 0 1  0 0 -1
O  28.6 0 1  0 0 -1
O  29.9 0 1  0 0 -1
O  31.2 0 1  0 0 -1
O  32.5 0 1  0 0 -1
O  33.8 0 1  0 0 -1
O  35.1 0 1  0 0 -1
O  36.4 0 1  0 0 -1
O  37.7 0 1  0 0 -1
O  0.65 1.12583 1  0 0 -1
O  1.95 1.12583 1  0 0 -1
O  3.25 1.12583 1  0 0 -1
O  4.55 1.12583 1  0 0 -1
O  5.85 1.12583 1  0 0 -1
O  7.15 1.12583 1  0 0 -1
O  8.45 1.12583 1  0 0 -1
O  9.75 1.12583 1  0 0 -1
O  11.05 1.12583 1  0 0 -1
O  12.35 1.12583 1  0 0 -1
O  13.65 1.12583 1  0 0 -1
O  14.95 1.12583 1  0 0 -1
O  16.25 1.12583 1  0 0 -1
O  17.55 1.12583 1  0 0 -1
O  18.85 1.12583 1  0 0 -1
O  20.15 1.12583 1  0 0 -1
O  21.45 1.12583 1  0 0 -1
O  22.75 1.12583 1  0 0 -1
O  24.05 1.12583 1  0 0 -1
O  25.35 1.12583 1  0 0 -1
O  26.65 1.12583 1  0 0 -1
O  27.95 1.12583 1  0 0 -1
O  29.25 1.12583 1  0 0 -1
O  30.55 1.12583 1  0 0 -1
O  31.85 1.12583 1  0 0 -1
O  33.15 1.12583 1  0 0 -1
O  34.45 1.12583 1  0 0 -1
O  35.75 1.12583 1  0 0 -1
O  37.05 1.12583 1  0 0 -1
O  38.35 1.12583 1  0 0 -1
O  0 2.25167 1  0 0 -1
O  1.3 2.25167 1  0 0 -1
O  2.6 2.25167 1  0 0 -1
O  3.9 2.25167 1  0 0 -1
O  5.2 2.25167 1  0 0 -1
O  6.5 2.25167 1  0 0 -1
O  7.8 2.25167 1  0 0 -1
O  9.1 2.25167 1  0 0 -1
O  10.4 2.25167 1  0 0 -1
O  11.7 2.25167 1  0 0 -1
O  13 2.25167 1  0 0 -1
O  14.3 2.25167 1  0 0 -1
O  15.6 2.25167 1  0 0 -1
O  16.9 2.25167 1  0 0 -1
O  18.2 2.25167 1  0 0 -1
O  19.5 2.25167 1  0 0 -1
O  20.8 2.25167 1  0 0 -1
O  22.1 2.25167 1  0 0 -1
O  23.4 2.25167 1  0 0 -1
O  24.7 2.25167 1  0 0 -1
O  26 2.25167 1  0 0 -1
O  27.3 2.25167 1  0 0 -1
O  28.6 2.25167 1  0 0 -1
O  29.9 2.25167 1  0 0 -1
O  31.2 2.25167 1  0 0 -1
O  32.5 2.25167 1  0 0 -1
O  33.8 2.25167 1  0 0 -1
O  35.1 2.25167 1  0 0 -1
O  36.4 2.25167 1  0 0 -1
O  37.7 2.25167 1  0 0 -1
O  0.65 3.3775 1  0 0 -1
O  1.95 3.3775 1  0 0 -1
O  3.25 3.3775 1  0 0 -1
O  4.55 3.3775 1  0 0 -1
O  5.85 3.3775 1  0 0 -1
O  7.15 3.3775 1  0 0 -1
O  8.45 3.3775 1  0 0 -1
O  9.75 3.3775 1  0 0 -1
O  11.05 3.3775 1  0 0 -1
O  12.35 3.3775 1  0 0 -1
O  13.65 3.3775 1  0 0 -1
O  14.95 3.3775 1  0 0 -1
O  16.25 3.3775 1  0 0 -1
O  17.55 3.3775 1  0 0 -1
O  18.85 3.3775 1  0 0 -1
O  20.15 3.3775 1  0 0 -1
O  21.45 3.3775 1  0 0 -1
O  22.75 3.3775 1  0 0 -1
O  24.05 3.3775 1  0 0 -1
O  25.35 3.3775 1  0 0 -1
O  26.65 3.3775 1  0 0 -1
O  27.95 3.3775 1  0 0 -1
O  29.25 3.3775 1  0 0 -1
O  30.55 3.3775 1  0 0 -1
O  31.85 3.3775 1  0 0 -1
O  33.15 3.3775 1  0 0 -1
O  34.45 3.3775 1  0 0 -1
O  35.75 3.3775 1  0 0 -1
O  37.05 3.3775 1  0 0 -1
O  38.35 3.3775 1  0 0 -1
O  0 4.50333 1  0 0 -1
O  1.3 4.50333 1  0 0 -1
O  2.6 4.50333 1  0 0 -1
O  3.9 4.50333 1  0 0 -1
O  5.2 4.50333 1  0 0 -1
O  6.5 4.50333 1  0 0 -1
O  7.8 4.50333 1  0 0 -1
O  9.1 4.50333 1  0 0 -1
O  10.4 4.50333 1  0 0 -1
O  11.7 4.50333 1  0 0 -1
O  13 4.50333 1  0 0 -1
O  14.3 4.50333 1  0 0 -1
O  15.6 4.50333 1  0 0 -1
O  16.9 4.50333 1  0 0 -1
O  18.2 4.50333 1  0 0 -1
O  19.5 4.50333 1  0 0 -1
O  20.8 4.50333 1  0 0 -1
O  22.1 4.50333 1  0 0 -1
O  23.4 4.50333 1  0 0 -1
O  24.7 4.50333 1  0 0 -1
O  26 4.50333 1  0 0 -1
O  27.3 4.50333 1  0 0 -1
O  28.6 4.50333 1  0 0 -1
O  29.9 4.50333 1  0 0 -1
O  31.2 4.50333 1  0 0 -1
O  32.5 4.50333 1  0 0 -1
O  33.8 4.50333 1  0 0 -1
O  35.1 4.50333 1  0 0 -1
O  36.4 4.50333 1  0 0 -1
O  37.7 4.50333 1  0 0 -1
O  0.65 5.62917 1  0 0 -1
O  1.95 5.62917 1  0 0 -1
O  3.25 5.62917 1  0 0 -1
O  4.55 5.62917 1  0 0 -1
O  5.85 5.62917 1  0 0 -1
O  7.15 5.62917 1  0 0 -1
O  8.45 5.62917 1  0 0 -1
O  9.75 5.62917 1  0 0 -1
O  11.05 5.62917 1  0 0 -1
O  12.35 5.62917 1  0 0 -1
O  13.65 5.62917 1  0 0 -1
O  14.95 5.62917 1  0 0 -1
O  16.25 5.62917 1  0 0 -1
O  17.55 5.62917 1  0 0 -1
O  18.85 5.62917 1  0 0 -1
O  20.15 5.62917 1  0 0 -1
O  21.45 5.62917 1  0 0 -1
O  22.75 5.62917 1  0 0 -1
O  24.05 5.62917 1  0 0 -1
O  25.35 5.62917 1  0 0 -1
O  26.65 5.62917 1  0 0 -1
O  27.95 5.62917 1  0 0 -1
O  29.25 5.62917 1  0 0 -1
O  30.55 5.62917 1  0 0 -1
O  31.85 5.62917 1  0 0 -1
O  33.15 5.62917 1  0 0 -1
O  34.45 5.62917 1  0 0 -1
O  35.75 5.62917 1  0 0 -1
O  37.05 5.62917 1  0 0 -1
O  38.35 5.62917 1  0 0 -1
O  0 6.755 1  0 0 -1
O  1.3 6.755 1  0 0 -1
O  2.6 6.755 1  0 0 -1
O  3.9 6.755 1  0 0 -1
O  5.2 6.755 1  0 0 -1
O  6.5 6.755 1  0 0 -1
O  7.8 6.755 1  0 0 -1
O  9.1 6.755 1  0 0 -1
O  10.4 6.755 1  0 0 -1
O  11.7 6.755 1  0 0 -1
O  13 6.755 1  0 0 -1
O  14.3 6.755 1  0 0 -1
O  15.6 6.755 1  0 0 -1
O  16.9 6.755 1  0 0 -1
O  18.2 6.755 1  0 0 -1
O  19.5 6.755 1  0 0 -1
O  20.8 6.755 1  0 0 -1
O  22.1 6.755 1  0 0 -1
O  23.4 6.755 1  0 0 -1
O  24.7 6.755 1  0 0 -1
O  26 6.755 1  0 0 -1
O  27.3 6.755 1  0 0 -1
O  28.6 6.755 1  0 0 -1
O  29.9 6.755 1  0 0 -1
O  31.2 6.755 1  0 0 -1
O  32.5 6.755 1  0 0 -1
O  33.8 6.755 1  0 0 -1
O  35.1 6.755 1  0 0 -1
O  36.4 6.755 1  0 0 -1
O  37.7 6.755 1  0 0 -1
O  0.65 7.88083 1  0 0 -1
O  1.95 7.88083 1  0 0 -1
O  3.25 7.88083 1  0 0 -1
O  4.55 7.88083 1  0 0 -1
O  5.85 7.88083 1  0 0 -1
O  7.15 7.88083 1  0 0 -1
O  8.45 7.88083 1  0 0 -1
O  9.75 7.88083 1  0 0 -1
O  11.05 7.88083 1  0 0 -1
O  12.35 7.88083 1  0 0 -1
O  13.65 7.88083 1  0 0 -1
O  14.95 7.88083 1  0 0 -1
O  16.25 7.88083 1  0 0 -1
O  17.55 7.88083 1  0 0 -1
O  18.85 7.88083 1  0 0 -1
O  20.15 7.88083 1  0 0 -1
O  21.45 7.88083 1  0 0 -1
O  22.75 7.88083 1  0 0 -1
O  24.05 7.88083 1  0 0 -1
O  25.35 7.88083 1  0 0 -1
O  26.65 7.88083 1  0 0 -1
O  27.95 7.88083 1  0 0 -1
O  29.25 7.88083 1  0 0 -1
O  30.55 7.88083 1  0 0 -1
O  31.85 7.88083 1  0 0 -1
O  33.15 7.88083 1  0 0 -1
O  34.45 7.88083 1  0 0 -1
O  35.75 7.88083 1  0 0 -1
O  37.05 7.88083 1  0 0 -1
O  38.35 7.88083 1  0 0 -1
O  0 9.00666 1  0 0 -1
O  1.3 9.00666 1  0 0 -1
O  2.6 9.00666 1  0 0 -1
O  3.9 9.00666 1  0 0 -1
O  5.2 9.00666 1  0 0 -1
O  6.5 9.00666 1  0 0 -1
O  7.8 9.00666 1  0 0 -1
O  9.1 9.00666 1  0 0 -1
O  10.4 9.00666 1  0 0 -1
O  11.7 9.00666 1  0 0 -1
O  13 9.00666 1  0 0 -1
O  14.3 9.00666 1  0 0 -1
O  15.6 9.00666 1  0 0 -1
O  16.9 9.00666 1  0 0 -1
O  18.2 9.00666 1  0 0 -1
O  19.5 9.00666 1  0 0 -1
O  20.8 9.00666 1  0 0 -1
O  22.1 9.00666 1  0 0 -1
O  23.4 9.00666 1  0 0 -1
O  24.7 9.00666 1  0 0 -1
O  26 9.00666 1  0 0 -1
O  27.3 9.00666 1  0 0 -1
O  28.6 9.00666 1  0 0 -1
O  29.9 9.00666 1  0 0 -1
O  31.2 9.00666 1  0 0 -1
O  32.5 9.00666 1  0 0 -1
O  33.8 9.00666 1  0 0 -1
O  35.1 9.00666 1  0 0 -1
O  36.4 9.00666 1  0 0 -1
O  37.7 9.00666 1  0 0 -1
O  0.65 10.1325 1  0 0 -1
O  1.95 10.1325 1  0 0 -1
O  3.25 10.1325 1  0 0 -1
O  4.55 10.1325 1  0 0 -1
O  5.85 10.1325 1  0 0 -1
O  7.15 10.1325 1  0 0 -1
O  8.45 10.1325 1  0 0 -1
O  9.75 10.1325 1  0 0 -1
O  11.05 10.1325 1  0 0 -1
O  12.35 10.1325 1  0 0 -1
O  13.65 10.1325 1  0 0 -1
O  14.95 10.1325 1  0 0 -1
O  16.25 10.1325 1  0 0 -1
O  17.55 10.1325 1  0 0 -1
O  18.85 10.1325 1  0 0 -1
O  20.15 10.1325 1  0 0 -1
O  21.45 10.1325 1  0 0 -1
O  22.75 10.1325 1  0 0 -1
O  24.05 10.1325 1  0 0 -1
O  25.35 10.1325 1  0 0 -1
O  26.65 10.1325 1  0 0 -1
O  27.95 10.1325 1  0 0 -1
O  29.25 10.1325 1  0 0 -1
O  30.55 10.1325 1  0 0 -1
O  31.85 10.1325 1  0 0 -1
O  33.15 10.1325 1  0 0 -1
O  34.45 10.1325 1  0 0 -1
O  35.75 10.1325 1  0 0 -1
O  37.05 10.1325 1  0 0 -1
O  38.35 10.1325 1  0 0 -1
O  0 11.2583 1  0 0 -1
O  1.3 11.2583 1  0 0 -1
O  2.6 11.2583 1  0 0 -1
O  3.9 11.2583 1  0 0 -1
O  5.2 11.2583 1  0 0 -1
O  6.5 11.2583 1  0 0 -1
O  7.8 11.2583 1  0 0 -1
O  9.1 11.2583 1  0 0 -1
O  10.4 11.2583 1  0 0 -1
O  11.7 11.2583 1  0 0 -1
O  13 11.2583 1  0 0 -1
O  14.3 11.2583 1  0 0 -1
O  15.6 11.2583 1  0 0 -1
O  16.9 11.2583 1  0 0 -1
O  18.2 11.2583 1  0 0 -1
O  19.5 11.2583 1  0 0 -1
O  20.8 11.2583 1  0 0 -1
O  22.1 11.2583 1  0 0 -1
O  23.4 11.2583 1  0 0 -1
O  24.7 11.2583 1  0 0 -1
O  26 11.2583 1  0 0 -1
O  27.3 11.2583 1  0 0 -1
O  28.6 11.2583 1  0 0 -1
O  29.9 11.2583 1  0 0 -1
O  31.2 11.2583 1  0 0 -1
O  32.5 11.2583 1  0 0 -1
O  33.8 11.2583 1  0 0 -1
O  35.1 11.2583 1  0 0 -1
O  36.4 11.2583 1  0 0 -1
O  37.7 11.2583 1  0 0 -1
O  0.65 12.3842 1  0 0 -1
O  1.95 12.3842 1  0 0 -1
O  3.25 12.3842 1  0 0 -1
O  4.55 12.3842 1  0 0 -1
O  5.85 12.3842 1  0 0 -1
O  7.15 12.3842 1  0 0 -1
O  8.45 12.3842 1  0 0 -1
O  9.75 12.3842 1  0 0 -1
O  11.05 12.3842 1  0 0 -1
O  12.35 12.3842 1  0 0 -1
O  13.65 12.3842 1  0 0 -1
O  14.95 12.3842 1  0 0 -1
O  16.25 12.3842 1  0 0 -1
O  17.55 12.3842 1  0 0 -1
O  18.85 12.3842 1  0 0 -1
O  20.15 12.3842 1  0 0 -1
O  21.45 12.3842 1  0 0 -1
O  22.75 12.3842 1  0 0 -1
O  24.05 12.3842 1  0 0 -1
O  25.35 12.3842 1  0 0 -1
O  26.65 12.3842 1  0 0 -1
O  27.95 12.3842 1  0 0 -1
O  29.25 12.3842 1  0 0 -1
O  30.55 12.3842 1  0 0 -1
O  31.85 12.3842 1  0 0 -1
O  33.15 12.3842 1  0 0 -1
O  34.45 12.3842 1  0 0 -1
O  35.75 12.3842 1  0 0 -1
O  37.05 12.3842 1  0 0 -1
O  38.35 12.3842 1  0 0 -1
O  0 13.51 1  0 0 -1
O  1.3 13.51 1  0 0 -1
O  2.6 13.51 1  0 0 -1
O  3.9 13.51 1  0 0 -1
O  5.2 13.51 1  0 0 -1
O  6.5 13.51 1  0 0 -1
O  7.8 13.51 1  0 0 -1
O  9.1 13.51 1  0 0 -1
O  10.4 13.51 1  0 0 -1
O  11.7 13.51 1  0 0 -1
O  13 13.51 1  0 0 -1
O  14.3 13.51 1  0 0 -1
O  15.6 13.51 1  0 0 -1
O  16.9 13.51 1  0 0 -1
O  18.2 13.51 1  0 0 -1
O  19.5 13.51 1  0 0 -1
O  20.8 13.51 1  0 0 -1
O  22.1 13.51 1  0 0 -1
O  23.4 13.51 1  0 0 -1
O  24.7 13.51 1  0 0 -1
O  26 13.51 1  0 0 -1
O  27.3 13.51 1  0 0 -1
O  28.6 13.51 1  0 0 -1
O  29.9 13.51 1  0 0 -1
O  31.2 13.51 1  0 0 -1
O  32.5 13.51 1  0 0 -1
O  33.8 13.51 1  0 0 -1
O  35.1 13.51 1  0 0 -1
O  36.4 13.51 1  0 0 -1
O  37.7 13.51 1  0 0 -1
O  0.65 14.6358 1  0 0 -1
O  1.95 14.6358 1  0 0 -1
O  3.25 14.6358 1  0 0 -1
O  4.55 14.6358 1  0 0 -1
O  5.85 14.6358 1  0 0 -1
O  7.15 14.6358 1  0 0 -1
O  8.45 14.6358 1  0 0 -1
O  9.75 14.6358 1  0 0 -1
O  11.05 14.6358 1  0 0 -1
O  12.35 14.6358 1  0 0 -1
O  13.65 14.6358 1  0 0 -1
O  14.95 14.6358 1  0 0 -1
O  16.25 14.6358 1  0 0 -1
O  17.55 14.6358 1  0 0 -1
O  18.85 14.6358 1  0 0 -1
O  20.15 14.6358 1  0 0 -1
O  21.45 14.6358 1  0 0 -1
O  22.75 14.6358 1  0 0 -1
O  24.05 14.6358 1  0 0 -1
O  25.35 14.6358 1  0 0 -1
O  26.65 14.6358 1  0 0 -1
O  27.95 14.6358 1  0 0 -1
O  29.25 14.6358 1  0 0 -1
O  30.55 14.6358 1  0 0 -1
O  31.85 14.6358 1  0 0 -1
O  33.15 14.6358 1  0 0 -1
O  34.45 14.6358 1  0 0 -1
O  35.75 14.6358 1  0 0 -1
O  37.05 14.6358 1  0 0 -1
O  38.35 14.6358 1  0 0 -1
O  0 15.7617 1  0 0 -1
O  1.3 15.7617 1  0 0 -1
O  2.6 15.7617 1  0 0 -1
O  3.9 15.7617 1  0 0 -1
O  5.2 15.7617 1  0 0 -1
O  6.5 15.7617 1  0 0 -1
O  7.8 15.7617 1  0 0 -1
O  9.1 15.7617 1  0 0 -1
O  10.4 15.7617 1  0 0 -1
O  11.7 15.7617 1  0 0 -1
O  13 15.7617 1  0 0 -1
O  14.3 15.7617 1  0 0 -1
O  15.6 15.7617 1  0 0 -1
O  16.9 15.7617 1  0 0 -1
O  18.2 15.7617 1  0 0 -1
O  19.5 15.7617 1  0 0 -1
O  20.8 15.7617 1  0 0 -1
O  22.1 15.7617 1  0 0 -1
O  23.4 15.7617 1  0 0 -1
O  24.7 15.7617 1  0 0 -1
O  26 15.7617 1  0 0 -1
O  27.3 15.7617 1  0 0 -1
O  28.6 15.7617 1  0 0 -1
O  29.9 15.7617 1  0 0 -1
O  31.2 15.7617 1  0 0 -1
O  32.5 15.7617 1  0 0 -1
O  33.8 15.7617 1  0 0 -1
O  35.1 15.7617 1  0 0 -1
O  36.4 15.7617 1  0 0 -1
O  37.7 15.7617 1  0 0 -1
O  0.65 16.8875 1  0 0 -1
O  1.95 16.8875 1  0 0 -1
O  3.25 16.8875 1  0 0 -1
O  4.55 16.8875 1  0 0 -1
O  5.85 16.8875 1  0 0 -1
O  7.15 16.8875 1  0 0 -1
O  8.45 16.8875 1  0 0 -1
O  9.75 16.8875 1  0 0 -1
O  11.05 16.8875 1  0 0 -1
O  12.35 16.8875 1  0 0 -1
O  13.65 16.8875 1  0 0 -1
O  14.95 16.8875 1  0 0 -1
O  16.25 16.8875 1  0 0 -1
O  17.55 16.8875 1  0 0 -1
O  18.85 16.8875 1  0 0 -1
O  20.15 16.8875 1  0 0 -1
O  21.45 16.8875 1  0 0 -1
O  22.75 16.8875 1  0 0 -1
O  24.05 16.8875 1  0 0 -1
O  25.35 16.8875 1  0 0 -1
O  26.65 16.8875 1  0 0 -1
O  27.95 16.8875 1  0 0 -1
O  29.25 16.8875 1  0 0 -1
O  30.55 16.8875 1  0 0 -1
O  31.85 16.8875 1  0 0 -1
O  33.15 16.8875 1  0 0 -1
O  34.45 16.8875 1  0 0 -1
O  35.75 16.8875 1  0 0 -1
O  37.05 16.8875 1  0 0 -1
O  38.35 16.8875 1  0 0 -1
O  0 18.0133 1  0 0 -1
O  1.3 18.0133 1  0 0 -1
O  2.6 18.0133 1  0 0 -1
O  3.9 18.0133 1  0 0 -1
O  5.2 18.0133 1  0 0 -1
O  6.5 18.0133 1  0 0 -1
O  7.8 18.0133 1  0 0 -1
O  9.1 18.0133 1  0 0 -1
O  10.4 18.0133 1  0 0 -1
O  11.7 18.0133 1  0 0 -1
O  13 18.0133 1  0 0 -1
O  14.3 18.0133 1  0 0 -1
O  15.6 18.0133 1  0 0 -1
O  16.9 18.0133 1  0 0 -1
O  18.2 18.0133 1  0 0 -1
O  19.5 18.0133 1  0 0 -1
O  20.8 18.0133 1  0 0 -1
O  22.1 18.0133 1  0 0 -1
O  23.4 18.0133 1  0 0 -1
O  24.7 18.0133 1  0 0 -1
O  26 18.0133 1  0 0 -1
O  27.3 18.0133 1  0 0 -1
O  28.6 18.0133 1  0 0 -1
O  29.9 18.0133 1  0 0 -1
O  31.2 18.0133 1  0 0 -1
O  32.5 18.0133 1  0 0 -1
O  33.8 18.0133 1  0 0 -1
O  35.1 18.0133 1  0 0 -1
O  36.4 18.0133 1  0 0 -1
O  37.7 18.0133 1  0 0 -1
O  0.65 19.1392 1  0 0 -1
O  1.95 19.1392 1  0 0 -1
O  3.25 19.1392 1  0 0 -1
O  4.55 19.1392 1  0 0 -1
O  5.85 19.1392 1  0 0 -1
O  7.15 19.1392 1  0 0 -1
O  8.45 19.1392 1  0 0 -1
O  9.75 19.1392 1  0 0 -1
O  11.05 19.1392 1  0 0 -1
O  12.35 19.1392 1  0 0 -1
O  13.65 19.1392 1  0 0 -1
O  14.95 19.1392 1  0 0 -1
O  16.25 19.1392 1  0 0 -1
O  17.55 19.1392 1  0 0 -1
O  18.85 19.1392 1  0 0 -1
O  20.15 19.1392 1  0 0 -1
O  21.45 19.1392 1  0 0 -1
O  22.75 19.1392 1  0 0 -1
O  24.05 19.1392 1  0 0 -1
O  25.35 19.1392 1  0 0 -1
O  26.65 19.1392 1  0 0 -1
O  27.95 19.1392 1  0 0 -1
O  29.25 19.1392 1  0 0 -1
O  30.55 19.1392 1  0 0 -1
O  31.85 19.1392 1  0 0 -1
O  33.15 19.1392 1  0 0 -1
O  34.45 19.1392 1  0 0 -1
O  35.75 19.1392 1  0 0 -1
O  37.05 19.1392 1  0 0 -1
O  38.35 19.1392 1  0 0 -1
O  0 20.265 1  0 0 -1
O  1.3 20.265 1  0 0 -1
O  2.6 20.265 1  0 0 -1
O  3.9 20.265 1  0 0 -1
O  5.2 20.265 1  0 0 -1
O  6.5 20.265 1  0 0 -1
O  7.8 20.265 1  0 0 -1
O  9.1 20.265 1  0 0 -1
O  10.4 20.265 1  0 0 -1
O  11.7 20.265 1  0 0 -1
O  13 20.265 1  0 0 -1
O  14.3 20.265 1  0 0 -1
O  15.6 20.265 1  0 0 -1
O  16.9 20.265 1  0 0 -1
O  18.2 20.265 1  0 0 -1
O  19.5 20.265 1  0 0 -1
O  20.8 20.265 1  0 0 -1
O  22.1 20.265 1  0 0 -1
O  23.4 20.265 1  0 0 -1
O  24.7 20.265 1  0 0 -1
O  26 20.265 1  0 0 -1
O  27.3 20.265 1  0 0 -1
O  28.6 20.265 1  0 0 -1
O  29.9 20.265 1  0 0 -1
O  31.2 20.265 1  0 0 -1
O  32.5 20.265 1  0 0 -1
O  33.8 20.265 1  0 0 -1
O  35.1 20.265 1  0 0 -1
O  36.4 20.265 1  0 0 -1
O  37.7 20.265 1  0 0 -1
O  0.65 21.3908 1  0 0 -1
O  1.95 21.3908 1  0 0 -1
O  3.25 21.3908 1  0 0 -1
O  4.55 21.3908 1  0 0 -1
O  5.85 21.3908 1  0 0 -1
O  7.15 21.3908 1  0 0 -1
O  8.45 21.3908 1  0 0 -1
O  9.75 21.3908 1  0 0 -1
O  11.05 21.3908 1  0 0 -1
O  12.35 21.3908 1  0 0 -1
O  13.65 21.3908 1  0 0 -1
O  14.95 21.3908 1  0 0 -1
O  16.25 21.3908 1  0 0 -1
O  17.55 21.3908 1  0 0 -1
O  18.85 21.3908 1  0 0 -1
O  20.15 21.3908 1  0 0 -1
O  21.45 21.3908 1  0 0 -1
O  22.75 21.3908 1  0 0 -1
O  24.05 21.3908 1  0 0 -1
O  25.35 21.3908 1  0 0 -1
O  26.65 21.3908 1  0 0 -1
O  27.95 21.3908 1  0 0 -1
O  29.25 21.3908 1  0 0 -1
O  30.55 21.3908 1  0 0 -1
O  31.85 21.3908 1  0 0 -1
O  33.15 21.3908 1  0 0 -1
O  34.45 21.3908 1  0 0 -1
O  35.75 21.3908 1  0 0 -1
O  37.05 21.3908 1  0 0 -1
O  38.35 21.3908 1  0 0 -1
O  0 22.5167 1  0 0 -1
O  1.3 22.5167 1  0 0 -1
O  2.6 22.5167 1  0 0 -1
O  3.9 22.5167 1  0 0 -1
O  5.2 22.5167 1  0 0 -1
O  6.5 22.5167 1  0 0 -1
O  7.8 22.5167 1  0 0 -1
O  9.1 22.5167 1  0 0 -1
O  10.4 22.5167 1  0 0 -1
O  11.7 22.5167 1  0 0 -1
O  13 22.5167 1  0 0 -1
O  14.3 22.5167 1  0 0 -1
O  15.6 22.5167 1  0 0 -1
O  16.9 22.5167 1  0 0 -1
O  18.2 22.5167 1  0 0 -1
O  19.5 22.5167 1  0 0 -1
O  20.8 22.5167 1  0 0 -1
O  22.1 22.5167 1  0 0 -1
O  23.4 22.5167 1  0 0 -1
O  24.7 22.5167 1  0 0 -1
O  26 22.5167 1  0 0 -1
O  27.3 22.5167 1  0 0 -1
O  28.6 22.5167 1  0 0 -1
O  29.9 22.5167 1  0 0 -1
O  31.2 22.5167 1  0 0 -1
O  32.5 22.5167 1  0 0 -1
O  33.8 22.5167 1  0 0 -1
O  35.1 22.5167 1  0 0 -1
O  36.4 22.5167 1  0 0 -1
O  37.7 22.5167 1  0 0 -1
O  0.65 23.6425 1  0 0 -1
O  1.95 23.6425 1  0 0 -1
O  3.25 23.6425 1  0 0 -1
O  4.55 23.6425 1  0 0 -1
O  5.85 23.6425 1  0 0 -1
O  7.15 23.6425 1  0 0 -1
O  8.45 23.6425 1  0 0 -1
O  9.75 23.6425 1  0 0 -1
O  11.05 23.6425 1  0 0 -1
O  12.35 23.6425 1  0 0 -1
O  13.65 23.6425 1  0 0 -1
O  14.95 23.6425 1  0 0 -1
O  16.25 23.6425 1  0 0 -1
O  17.55 23.6425 1  0 0 -1
O  18.85 23.6425 1  0 0 -1
O  20.15 23.6425 1  0 0 -1
O  21.45 23.6425 1  0 0 -1
O  22.75 23.6425 1  0 0 -1
O  24.05 23.6425 1  0 0 -1
O  25.35 23.6425 1  0 0 -1
O  26.65 23.6425 1  0 0 -1
O  27.95 23.6425 1  0 0 -1
O  29.25 23.6425 1  0 0 -1
O  30.55 23.6425 1  0 0 -1
O  31.85 23.6425 1  0 0 -1
O  33.15 23.6425 1  0 0 -1
O  34.45 23.6425 1  0 0 -1
O  35.75 23.6425 1  0 0 -1
O  37.05 23.6425 1  0 0 -1
O  38.35 23.6425 1  0 0 -1
O  0 24.7683 1  0 0 -1
O  1.3 24.7683 1  0 0 -1
O  2.6 24.7683 1  0 0 -1
O  3.9 24.7683 1  0 0 -1
O  5.2 24.7683 1  0 0 -1
O  6.5 24.7683 1  0 0 -1
O  7.8 24.7683 1  0 0 -1
O  9.1 24.7683 1  0 0 -1
O  10.4 24.7683 1  0 0 -1
O  11.7 24.7683 1  0 0 -1
O  13 24.7683 1  0 0 -1
O  14.3 24.7683 1  0 0 -1
O  15.6 24.7683 1  0 0 -1
O  16.9 24.7683 1  0 0 -1
O  18.2 24.7683 1  0 0 -1
O  19.5 24.7683 1  0 0 -1
O  20.8 24.7683 1  0 0 -1
O  22.1 24.7683 1  0 0 -1
O  23.4 24.7683 1  0 0 -1
O  24.7 24.7683 1  0 0 -1
O  26 24.7683 1  0 0 -1
O  27.3 24.7683 1  0 0 -1
O  28.6 24.7683 1  0 0 -1
O  29.9 24.7683 1  0 0 -1
O  31.2 24.7683 1  0 0 -1
O  32.5 24.7683 1  0 0 -1
O  33.8 24.7683 1  0 0 -1
O  35.1 24.7683 1  0 0 -1
O  36.4 24.7683 1  0 0 -1
O  37.7 24.7683 1  0 0 -1
O  0.65 25.8942 1  0 0 -1
O  1.95 25.8942 1  0 0 -1
O  3.25 25.8942 1  0 0 -1
O  4.55 25.8942 1  0 0 -1
O  5.85 25.8942 1  0 0 -1
O  7.15 25.8942 1  0 0 -1
O  8.45 25.8942 1  0 0 -1
O  9.75 25.8942 1  0 0 -1
O  11.05 25.8942 1  0 0 -1
O  12.35 25.8942 1  0 0 -1
O  13.65 25.8942 1  0 0 -1
O  14.95 25.8942 1  0 0 -1
O  16.25 25.8942 1  0 0 -1
O  17.55 25.8942 1  0 0 -1
O  18.85 25.8942 1  0 0 -1
O  20.15 25.8942 1  0 0 -1
O  21.45 25.8942 1  0 0 -1
O  22.75 25.8942 1  0 0 -1
O  24.05 25.8942 1  0 0 -1
O  25.35 25.8942 1  0 0 -1
O  26.65 25.8942 1  0 0 -1
O  27.95 25.8942 1  0 0 -1
O  29.25 25.8942 1  0 0 -1
O  30.55 25.8942 1  0 0 -1
O  31.85 25.8942 1  0 0 -1
O  33.15 25.8942 1  0 0 -1
O  34.45 25.8942 1  0 0 -1
O  35.75 25.8942 1  0 0 -1
O  37.05 25.8942 1  0 0 -1
O  38.35 25.8942 1  0 0 -1
O  0 27.02 1  0 0 -1
O  1.3 27.02 1  0 0 -1
O  2.6 27.02 1  0 0 -1
O  3.9 27.02 1  0 0 -1
O  5.2 27.02 1  0 0 -1
O  6.5 27.02 1  0 0 -1
O  7.8 27.02 1  0 0 -1
O  9.1 27.02 1  0 0 -1
O  10.4 27.02 1  0 0 -1
O  11.7 27.02 1  0 0 -1
O  13 27.02 1  0 0 -1
O  14.3 27.02 1  0 0 -1
O  15.6 27.02 1  0 0 -1
O  16.9 27.02 1  0 0 -1
O  18.2 27.02 1  0 0 -1
O  19.5 27.02 1  0 0 -1
O  20.8 27.02 1  0 0 -1
O  22.1 27.02 1  0 0 -1
O  23.4 27.02 1  0 0 -1
O  24.7 27.02 1  0 0 -1
O  26 27.02 1  0 0 -1
O  27.3 27.02 1  0 0 -1
O  28.6 27.02 1  0 0 -1
O  29.9 27.02 1  0 0 -1
O  31.2 27.02 1  0 0 -1
O  32.5 27.02 1  0 0 -1
O  33.8 27.02 1  0 0 -1
O  35.1 27.02 1  0 0 -1
O  36.4 27.02 1  0 0 -1
O  37.7 27.02 1  0 0 -1
O  0.65 28.1458 1  0 0 -1
O  1.95 28.1458 1  0 0 -1
O  3.25 28.1458 1  0 0 -1
O  4.55 28.1458 1  0 0 -1
O  5.85 28.1458 1  0 0 -1
O  7.15 28.1458 1  0 0 -1
O  8.45 28.1458 1  0 0 -1
O  9.75 28.1458 1  0 0 -1
O  11.05 28.1458 1  0 0 -1
O  12.35 28.1458 1  0 0 -1
O  13.65 28.1458 1  0 0 -1
O  14.95 28.1458 1  0 0 -1
O  16.25 28.1458 1  0 0 -1
O  17.55 28.1458 1  0 0 -1
O  18.85 28.1458 1  0 0 -1
O  20.15 28.1458 1  0 0 -1
O  21.45 28.1458 1  0 0 -1
O  22.75 28.1458 1  0 0 -1
O  24.05 28.1458 1  0 0 -1
O  25.35 28.1458 1  0 0 -1
O  26.65 28.1458 1  0 0 -1
O  27.95 28.1458 1  0 0 -1
O  29.25 28.1458 1  0 0 -1
O  30.55 28.1458 1  0 0 -1
O  31.85 28.1458 1  0 0 -1
O  33.15 28.1458 1  0 0 -1
O  34.45 28.1458 1  0 0 -1
O  35.75 28.1458 1  0 0 -1
O  37.05 28.1458 1  0 0 -1
O  38.35 28.1458 1  0 0 -1
O  0 29.2717 1  0 0 -1
O  1.3 29.2717 1  0 0 -1
O  2.6 29.2717 1  0 0 -1
O  3.9 29.2717 1  0 0 -1
O  5.2 29.2717 1  0 0 -1
O  6.5 29.2717 1  0 0 -1
O  7.8 29.2717 1  0 0 -1
O  9.1 29.2717 1  0 0 -1
O  10.4 29.2717 1  0 0 -1
O  11.7 29.2717 1  0 0 -1
O  13 29.2717 1  0 0 -1
O  14.3 29.2717 1  0 0 -1
O  15.6 29.2717 1  0 0 -1
O  16.9 29.2717 1  0 0 -1
O  18.2 29.2717 1  0 0 -1
O  19.5 29.2717 1  0 0 -1
O  20.8 29.2717 1  0 0 -1
O  22.1 29.2717 1  0 0 -1
O  23.4 29.2717 1  0 0 -1
O  24.7 29.2717 1  0 0 -1
O  26 29.2717 1  0 0 -1
O  27.3 29.2717 1  0 0 -1
O  28.6 29.2717 1  0 0 -1
O  29.9 29.2717 1  0 0 -1
O  31.2 29.2717 1  0 0 -1
O  32.5 29.2717 1  0 0 -1
O  33.8 29.2717 1  0 0 -1
O  35.1 29.2717 1  0 0 -1
O  36.4 29.2717 1  0 0 -1
O  37.7 29.2717 1  0 0 -1
O  0.65 30.3975 1  0 0 -1
O  1.95 30.3975 1  0 0 -1
O  3.25 30.3975 1  0 0 -1
O  4.55 30.3975 1  0 0 -1
O  5.85 30.3975 1  0 0 -1
O  7.15 30.3975 1  0 0 -1
O  8.45 30.3975 1  0 0 -1
O  9.75 30.3975 1  0 0 -1
O  11.05 30.3975 1  0 0 -1
O  12.35 30.3975 1  0 0 -1
O  13.65 30.3975 1  0 0 -1
O  14.95 30.3975 1  0 0 -1
O  16.25 30.3975 1  0 0 -1
O  17.55 30.3975 1  0 0 -1
O  18.85 30.3975 1  0 0 -1
O  20.15 30.3975 1  0 0 -1
O  21.45 30.3975 1  0 0 -1
O  22.75 30.3975 1  0 0 -1
O  24.05 30.3975 1  0 0 -1
O  25.35 30.3975 1  0 0 -1
O  26.65 30.3975 1  0 0 -1
O  27.95 30.3975 1  0 0 -1
O  29.25 30.3975 1  0 0 -1
O  30.55 30.3975 1  0 0 -1
O  31.85 30.3975 1  0 0 -1
O  33.15 30.3975 1  0 0 -1
O  34.45 30.3975 1  0 0 -1
O  35.75 30.3975 1  0 0 -1
O  37.05 30.3975 1  0 0 -1
O  38.35 30.3975 1  0 0 -1
O  0 31.5233 1  0 0 -1
O  1.3 31.5233 1  0 0 -1
O  2.6 31.5233 1  0 0 -1
O  3.9 31.5233 1  0 0 -1
O  5.2 31.5233 1  0 0 -1
O  6.5 31.5233 1  0 0 -1
O  7.8 31.5233 1  0 0 -1
O  9.1 31.5233 1  0 0 -1
O  10.4 31.5233 1  0 0 -1
O  11.7 31.5233 1  0 0 -1
O  13 31.5233 1  0 0 -1
O  14.3 31.5233 1  0 0 -1
O  15.6 31.5233 1  0 0 -1
O  16.9 31.5233 1  0 0 -1
O  18.2 31.5233 1  0 0 -1
O  19.5 31.5233 1  0 0 -1
O  20.8 31.5233 1  0 0 -1
O  22.1 31.5233 1  0 0 -1
O  23.4 31.5233 1  0 0 -1
O  24.7 31.5233 1  0 0 -1
O  26 31.5233 1  0 0 -1
O  27.3 31.5233 1  0 0 -1
O  28.6 31.5233 1  0 0 -1
O  29.9 31.5233 1  0 0 -1
O  31.2 31.5233 1  0 0 -1
O  32.5 31.5233 1  0 0 -1
O  33.8 31.5233 1  0 0 -1
O  35.1 31.5233 1  0 0 -1
O  36.4 31.5233 1  0 0 -1
O  37.7 31.5233 1  0 0 -1
O  0.65 32.6492 1  0 0 -1
O  1.95 32.6492 1  0 0 -1
O  3.25 32.6492 1  0 0 -1
O  4.55 32.6492 1  0 0 -1
O  5.85 32.6492 1  0 0 -1
O  7.15 32.6492 1  0 0 -1
O  8.45 32.6492 1  0 0 -1
O  9.75 32.6492 1  0 0 -1
O  11.05 32.6492 1  0 0 -1
O  12.35 32.6492 1  0 0 -1
O  13.65 32.6492 1  0 0 -1
O  14.95 32.6492 1  0 0 -1
O  16.25 32.6492 1  0 0 -1
O  17.55 32.6492 1  0 0 -1
O  18.85 32.6492 1  0 0 -1
O  20.15 32.6492 1  0 0 -1
O  21.45 32.6492 1  0 0 -1
O  22.75 32.6492 1  0 0 -1
O  24.05 32.6492 1  0 0 -1
O  25.35 32.6492 1  0 0 -1
O  26.65 32.6492 1  0 0 -1
O  27.95 32.6492 1  0 0 -1
O  29.25 32.6492 1  0 0 -1
O  30.55 32.6492 1  0 0 -1
O  31.85 32.6492 1  0 0 -1
O  33.15 32.6492 1  0 0 -1
O  34.45 32.6492 1  0 0 -1
O  35.75 32.6492 1  0 0 -1
O  37.05 32.6492 1  0 0 -1
O  38.35 32.6492 1  0 0 -1
O  0 33.775 1  0 0 -1
O  1.3 33.775 1  0 0 -1
O  2.6 33.775 1  0 0 -1
O  3.9 33.775 1  0 0 -1
O  5.2 33.775 1  0 0 -1
O  6.5 33.775 1  0 0 -1
O  7.8 33.775 1  0 0 -1
O  9.1 33.775 1  0 0 -1
O  10.4 33.775 1  0 0 -1
O  11.7 33.775 1  0 0 -1
O  13 33.775 1  0 0 -1
O  14.3 33.775 1  0 0 -1
O  15.6 33.775 1  0 0 -1
O  16.9 33.775 1  0 0 -1
O  18.2 33.775 1  0 0 -1
O  19.5 33.775 1  0 0 -1
O  20.8 33.775 1  0 0 -1
O  22.1 33.775 1  0 0 -1
O  23.4 33.775 1  0 0 -1
O  24.7 33.775 1  0 0 -1
O  26 33.775 1  0 0 -1
O  27.3 33.775 1  0 0 -1
O  28.6 33.775 1  0 0 -1
O  29.9 33.775 1  0 0 -1
O  31.2 33.775 1  0 0 -1
O  32.5 33.775 1  0 0 -1
O  33.8 33.775 1  0 0 -1
O  35.1 33.775 1  0 0 -1
O  36.4 33.775 1  0 0 -1
O  37.7 33.775 1  0 0 -1
O  0.65 34.9008 1  0 0 -1
O  1.95 34.9008 1  0 0 -1
O  3.25 34.9008 1  0 0 -1
O  4.55 34.9008 1  0 0 -1
O  5.85 34.9008 1  0 0 -1
O  7.15 34.9008 1  0 0 -1
O  8.45 34.9008 1  0 0 -1
O  9.75 34.9008 1  0 0 -1
O  11.05 34.9008 1  0 0 -1
O  12.35 34.9008 1  0 0 -1
O  13.65 34.9008 1  0 0 -1
O  14.95 34.9008 1  0 0 -1
O  16.25 34.9008 1  0 0 -1
O  17.55 34.9008 1  0 0 -1
O  18.85 34.9008 1  0 0 -1
O  20.15 34.9008 1  0 0 -1
O  21.45 34.9008 1  0 0 -1
O  22.75 34.9008 1  0 0 -1
O  24.05 34.9008 1  0 0 -1
O  25.35 34.9008 1  0 0 -1
O  26.65 34.9008 1  0 0 -1
O  27.95 34.9008 1  0 0 -1
O  29.25 34.9008 1  0 0 -1
O  30.55 34.9008 1  0 0 -1
O  31.85 34.9008 1  0 0 -1
O  33.15 34.9008 1  0 0 -1
O  34.45 34.9008 1  0 0 -1
O  35.75 34.9008 1  0 0 -1
O  37.05 34.9008 1  0 0 -1
O  38.35 34.9008 1  0 0 -1
O  0 36.0267 1  0 0 -1
O  1.3 36.0267 1  0 0 -1
O  2.6 36.0267 1  0 0 -1
O  3.9 36.0267 1  0 0 -1
O  5.2 36.0267 1  0 0 -1
O  6.5 36.0267 1  0 0 -1
O  7.8 36.0267 1  0 0 -1
O  9.1 36.0267 1  0 0 -1
O  10.4 36.0267 1  0 0 -1
O  11.7 36.0267 1  0 0 -1
O  13 36.0267 1  0 0 -1
O  14.3 36.0267 1  0 0 -1
O  15.6 36.0267 1  0 0 -1
O  16.9 36.0267 1  0 0 -1
O  18.2 36.0267 1  0 0 -1
O  19.5 36.0267 1  0 0 -1
O  20.8 36.0267 1  0 0 -1
O  22.1 36.0267 1  0 0 -1
O  23.4 36.0267 1  0 0 -1
O  24.7 36.0267 1  0 0 -1
O  26 36.0267 1  0 0 -1
O  27.3 36.0267 1  0 0 -1
O  28.6 36.0267 1  0 0 -1
O  29.9 36.0267 1  0 0 -1
O  31.2 36.0267 1  0 0 -1
O  32.5 36.0267 1  0 0 -1
O  33.8 36.0267 1  0 0 -1
O  35.1 36.0267 1  0 0 -1
O  36.4 36.0267 1  0 0 -1
O  37.7 36.0267 1  0 0 -1
O  0.65 37.1525 1  0 0 -1
O  1.95 37.1525 1  0 0 -1
O  3.25 37.1525 1  0 0 -1
O  4.55 37.1525 1  0 0 -1
O  5.85 37.1525 1  0 0 -1
O  7.15 37.1525 1  0 0 -1
O  8.45 37.1525 1  0 0 -1
O  9.75 37.1525 1  0 0 -1
O  11.05 37.1525 1  0 0 -1
O  12.35 37.1525 1  0 0 -1
O  13.65 37.1525 1  0 0 -1
O  14.95 37.1525 1  0 0 -1
O  16.25 37.1525 1  0 0 -1
O  17.55 37.1525 1  0 0 -1
O  18.85 37.1525 1  0 0 -1
O  20.15 37.1525 1  0 0 -1
O  21.45 37.1525 1  0 0 -1
O  22.75 37.1525 1  0 0 -1
O  24.05 37.1525 1  0 0 -1
O  25.35 37.1525 1  0 0 -1
O  26.65 37.1525 1  0 0 -1
O  27.95 37.1525 1  0 0 -1
O  29.25 37.1525 1  0 0 -1
O  30.55 37.1525 1  0 0 -1
O  31.85 37.1525 1  0 0 -1
O  33.15 37.1525 1  0 0 -1
O  34.45 37.1525 1  0 0 -1
O  35.75 37.1525 1  0 0 -1
O  37.05 37.1525 1  0 0 -1
O  38.35 37.1525 1  0 0 -1
O  0 38.2783 1  0 0 -1
O  1.3 38.2783 1  0 0 -1
O  2.6 38.2783 1  0 0 -1
O  3.9 38.2783 1  0 0 -1
O  5.2 38.2783 1  0 0 -1
O  6.5 38.2783 1  0 0 -1
O  7.8 38.2783 1  0 0 -1
O  9.1 38.2783 1  0 0 -1
O  10.4 38.2783 1  0 0 -1
O  11.7 38.2783 1  0 0 -1
O  13 38.2783 1  0 0 -1
O  14.3 38.2783 1  0 0 -1
O  15.6 38.2783 1  0 0 -1
O  16.9 38.2783 1  0 0 -1
O  18.2 38.2783 1  0 0 -1
O  19.5 38.2783 1  0 0 -1
O  20.8 38.2783 1  0 0 -1
O  22.1 38.2783 1  0 0 -1
O  23.4 38.2783 1  0 0 -1
O  24.7 38.2783 1  0 0 -1
O  26 38.2783 1  0 0 -1
O  27.3 38.2783 1  0 0 -1
O  28.6 38.2783 1  0 0 -1
O  29.9 38.2783 1  0 0 -1
O  31.2 38.2783 1  0 0 -1
O  32.5 38.2783 1  0 0 -1
O  33.8 38.2783 1  0 0 -1
O  35.1 38.2783 1  0 0 -1
O  36.4 38.2783 1  0 0 -1
O  37.7 38.2783 1  0 0 -1
O  0.65 39.4042 1  0 0 -1
O  1.95 39.4042 1  0 0 -1
O  3.25 39.4042 1  0 0 -1
O  4.55 39.4042 1  0 0 -1
O  5.85 39.4042 1  0 0 -1
O  7.15 39.4042 1  0 0 -1
O  8.45 39.4042 1  0 0 -1
O  9.75 39.4042 1  0 0 -1
O  11.05 39.4042 1  0 0 -1
O  12.35 39.4042 1  0 0 -1
O  13.65 39.4042 1  0 0 -1
O  14.95 39.4042 1  0 0 -1
O  16.25 39.4042 1  0 0 -1
O  17.55 39.4042 1  0 0 -1
O  18.85 39.4042 1  0 0 -1
O  20.15 39.4042 1  0 0 -1
O  21.45 39.4042 1  0 0 -1
O  22.75 39.4042 1  0 0 -1
O  24.05 39.4042 1  0 0 -1
O  25.35 39.4042 1  0 0 -1
O  26.65 39.4042 1  0 0 -1
O  27.95 39.4042 1  0 0 -1
O  29.25 39.4042 1  0 0 -1
O  30.55 39.4042 1  0 0 -1
O  31.85 39.4042 1  0 0 -1
O  33.15 39.4042 1  0 0 -1
O  34.45 39.4042 1  0 0 -1
O  35.75 39.4042 1  0 0 -1
O  37.05 39.4042 1  0 0 -1
O  38.35 39.4042 1  0 0 -1
O  0 40.53 1  0 0 -1
O  1.3 40.53 1  0 0 -1
O  2.6 40.53 1  0 0 -1
O  3.9 40.53 1  0 0 -1
O  5.2 40.53 1  0 0 -1
O  6.5 40.53 1  0 0 -1
O  7.8 40.53 1  0 0 -1
O  9.1 40.53 1  0 0 -1
O  10.4 40.53 1  0 0 -1
O  11.7 40.53 1  0 0 -1
O  13 40.53 1  0 0 -1
O  14.3 40.53 1  0 0 -1
O  15.6 40.53 1  0 0 -1
O  16.9 40.53 1  0 0 -1
O  18.2 40.53 1  0 0 -1
O  19.5 40.53 1  0 0 -1
O  20.8 40.53 1  0 0 -1
O  22.1 40.53 1  0 0 -1
O  23.4 40.53 1  0 0 -1
O  24.7 40.53 1  0 0 -1
O  26 40.53 1  0 0 -1
O  27.3 40.53 1  0 0 -1
O  28.6 40.53 1  0 0 -1
O  29.9 40.53 1  0 0 -1
O  31.2 40.53 1  0 0 -1
O  32.5 40.53 1  0 0 -1
O  33.8 40.53 1  0 0 -1
O  35.1 40.53 1  0 0 -1
O  36.4 40.53 1  0 0 -1
O  37.7 40.53 1  0 0 -1
O  0.65 41.6558 1  0 0 -1
O  1.95 41.6558 1  0 0 -1
O  3.25 41.6558 1  0 0 -1
O  4.55 41.6558 1  0 0 -1
O  5.85 41.6558 1  0 0 -1
O  7.15 41.6558 1  0 0 -1
O  8.45 41.6558 1  0 0 -1
O  9.75 41.6558 1  0 0 -1
O  11.05 41.6558 1  0 0 -1
O  12.35 41.6558 1  0 0 -1
O  13.65 41.6558 1  0 0 -1
O  14.95 41.6558 1  0 0 -1
O  16.25 41.6558 1  0 0 -1
O  17.55 41.6558 1  0 0 -1
O  18.85 41.6558 1  0 0 -1
O  20.15 41.6558 1  0 0 -1
O  21.45 41.6558 1  0 0 -1
O  22.75 41.6558 1  0 0 -1
O  24.05 41.6558 1  0 0 -1
O  25.35 41.6558 1  0 0 -1
O  26.65 41.6558 1  0 0 -1
O  27.95 41.6558 1  0 0 -1
O  29.25 41.6558 1  0 0 -1
O  30.55 41.6558 1  0 0 -1
O  31.85 41.6558 1  0 0 -1
O  33.15 41.6558 1  0 0 -1
O  34.45 41.6558 1  0 0 -1
O  35.75 41.6558 1  0 0 -1
O  37.05 41.6558 1  0 0 -1
O  38.35 41.6558 1  0 0 -1
O  0 42.7817 1  0 0 -1
O  1.3 42.7817 1  0 0 -1
O  2.6 42.7817 1  0 0 -1
O  3.9 42.7817 1  0 0 -1
O  5.2 42.7817 1  0 0 -1
O  6.5 42.7817 1  0 0 -1
O  7.8 42.7817 1  0 0 -1
O  9.1 42.7817 1  0 0 -1
O  10.4 42.7817 1  0 0 -1
O  11.7 42.7817 1  0 0 -1
O  13 42.7817 1  0 0 -1
O  14.3 42.7817 1  0 0 -1
O  15.6 42.7817 1  0 0 -1
O  16.9 42.7817 1  0 0 -1
O  18.2 42.7817 1  0 0 -1
O  19.5 42.7817 1  0 0 -1
O  20.8 42.7817 1  0 0 -1
O  22.1 42.7817 1  0 0 -1
O  23.4 42.7817 1  0 0 -1
O  24.7 42.7817 1  0 0 -1
O  26 42.7817 1  0 0 -1
O  27.3 42.7817 1  0 0 -1
O  28.6 42.7817 1  0 0 -1
O  29.9 42.7817 1  0 0 -1
O  31.2 42.7817 1  0 0 -1
O  32.5 42.7817 1  0 0 -1
O  33.8 42.7817 1  0 0 -1
O  35.1 42.7817 1  0 0 -1
O  36.4 42.7817 1  0 0 -1
O  37.7 42.7817 1  0 0 -1
O  0.65 43.9075 1  0 0 -1
O  1.95 43.9075 1  0 0 -1
O  3.25 43.9075 1  0 0 -1
O  4.55 43.9075 1  0 0 -1
O  5.85 43.9075 1  0 0 -1
O  7.15 43.9075 1  0 0 -1
O  8.45 43.9075 1  0 0 -1
O  9.75 43.9075 1  0 0 -1
O  11.05 43.9075 1  0 0 -1
O  12.35 43.9075 1  0 0 -1
O  13.65 43.9075 1  0 0 -1
O  14.95 43.9075 1  0 0 -1
O  16.25 43.9075 1  0 0 -1
O  17.55 43.9075 1  0 0 -1
O  18.85 43.9075 1  0 0 -1
O  20.15 43.9075 1  0 0 -1
O  21.45 43.9075 1  0 0 -1
O  22.75 43.9075 1  0 0 -1
O  24.05 43.9075 1  0 0 -1
O  25.35 43.9075 1  0 0 -1
O  26.65 43.9075 1  0 0 -1
O  27.95 43.9075 1  0 0 -1
O  29.25 43.9075 1  0 0 -1
O  30.55 43.9075 1  0 0 -1
O  31.85 43.9075 1  0 0 -1
O  33.15 43.9075 1  0 0 -1
O  34.45 43.9075 1  0 0 -1
O  35.75 43.9075 1  0 0 -1
O  37.05 43.9075 1  0 0 -1
O  38.35 43.9075 1  0 0 -1

